0 0.000548 
10 0.000578 
20 0.000619 
30 0.000554 
40 0.000580 
50 0.000403 
60 0.000329 
70 0.000370 
80 0.000419 
90 0.000319 
100 0.000365 
110 0.000375 
120 0.000354 
130 0.000395 
140 0.000356 
150 0.000405 
160 0.000344 
170 0.000490 
180 0.000401 
190 0.000359 
200 0.000346 
210 0.000351 
220 0.000296 
230 0.000326 
240 0.000865 
250 0.000435 
260 0.000254 
270 0.000252 
280 0.000268 
290 0.000255 
300 0.000233 
310 0.000314 
320 0.000244 
330 0.000237 
340 0.000241 
350 0.000199 
360 0.000300 
370 0.000428 
380 0.000284 
390 0.000359 
400 0.000566 
410 0.000341 
420 0.000340 
430 0.000371 
440 0.000227 
450 0.000228 
460 0.000223 
470 0.000149 
480 0.000175 
490 0.000163 
500 0.000317 
510 0.000204 
520 0.000193 
530 0.000225 
540 0.000346 
550 0.000269 
560 0.000158 
570 0.000107 
580 0.000125 
590 0.000114 
600 0.000182 
610 0.000268 
620 0.000338 
630 0.000456 
640 0.000235 
650 0.000283 
660 0.000293 
670 0.000299 
680 0.000325 
690 0.000157 
700 0.000150 
710 0.000135 
720 0.000134 
730 0.000223 
740 0.000243 
750 0.000279 
760 0.000232 
770 0.000240 
780 0.000098 
790 0.000089 
800 0.000100 
810 0.000108 
820 0.000095 
830 0.000097 
840 0.000152 
850 0.000121 
860 0.000187 
870 0.000190 
880 0.000192 
890 0.000183 
900 0.000173 
910 0.000208 
920 0.000197 
930 0.000174 
940 0.000185 
950 0.000213 
960 0.000226 
970 0.000228 
980 0.000241 
990 0.000219 
1000 0.000187 
1010 0.000105 
1020 0.000160 
1030 0.000173 
1040 0.000211 
1050 0.000211 
1060 0.000219 
1070 0.000197 
1080 0.000227 
1090 0.000218 
1100 0.000213 
1110 0.000247 
1120 0.000247 
1130 0.000217 
1140 0.000234 
1150 0.000233 
1160 0.000229 
1170 0.000232 
1180 0.000229 
1190 0.000230 
1200 0.000231 
1210 0.000108 
1220 0.000099 
1230 0.000094 
1240 0.000153 
1250 0.000165 
1260 0.000165 
1270 0.000186 
1280 0.000121 
1290 0.000124 
1300 0.000146 
1310 0.000163 
1320 0.000143 
1330 0.000140 
1340 0.000147 
1350 0.000167 
1360 0.000180 
1370 0.000121 
1380 0.000127 
1390 0.000162 
1400 0.000123 
1410 0.000178 
1420 0.000168 
1430 0.000177 
1440 0.000178 
1450 0.000123 
1460 0.000207 
1470 0.000153 
1480 0.000225 
1490 0.000162 
1500 0.000144 
1510 0.000158 
1520 0.000131 
1530 0.000131 
1540 0.000138 
1550 0.000192 
1560 0.000181 
1570 0.000159 
1580 0.000130 
1590 0.000170 
1600 0.000164 
1610 0.000137 
1620 0.000133 
1630 0.000161 
1640 0.000212 
1650 0.000142 
1660 0.000161 
1670 0.000152 
1680 0.000163 
1690 0.000200 
1700 0.000128 
1710 0.000127 
1720 0.000190 
1730 0.000141 
1740 0.000219 
1750 0.000165 
1760 0.000212 
1770 0.000208 
1780 0.000235 
1790 0.000237 
1800 0.000232 
1810 0.000232 
1820 0.000240 
1830 0.000102 
1840 0.000096 
1850 0.000090 
1860 0.000101 
1870 0.000106 
1880 0.000090 
1890 0.000092 
1900 0.000101 
1910 0.000098 
1920 0.000093 
1930 0.000097 
1940 0.000103 
1950 0.000098 
1960 0.000088 
1970 0.000100 
1980 0.000210 
1990 0.000095 
2000 0.000095 
2010 0.000100 
2020 0.000100 
2030 0.000094 
2040 0.000211 
2050 0.000175 
2060 0.000229 
2070 0.000227 
2080 0.000231 
2090 0.000244 
2100 0.000095 
2110 0.000096 
2120 0.000097 
2130 0.000093 
2140 0.000090 
2150 0.000101 
2160 0.000107 
2170 0.000095 
2180 0.000084 
2190 0.000139 
2200 0.000103 
2210 0.000094 
2220 0.000095 
2230 0.000099 
2240 0.000094 
2250 0.000093 
2260 0.000183 
2270 0.000106 
2280 0.000097 
2290 0.000080 
2300 0.000101 
2310 0.000099 
2320 0.000100 
2330 0.000096 
2340 0.000101 
2350 0.000093 
2360 0.000094 
2370 0.000098 
2380 0.000104 
2390 0.000093 
2400 0.000112 
2410 0.000232 
2420 0.000101 
2430 0.000101 
2440 0.000097 
2450 0.000098 
2460 0.000103 
2470 0.000161 
2480 0.000207 
2490 0.000214 
2500 0.000224 
2510 0.000214 
2520 0.000205 
2530 0.000149 
2540 0.000123 
2550 0.000113 
2560 0.000120 
2570 0.000113 
2580 0.000188 
2590 0.000136 
2600 0.000190 
2610 0.000123 
2620 0.000121 
2630 0.000118 
2640 0.000091 
2650 0.000093 
2660 0.000098 
2670 0.000100 
2680 0.000093 
2690 0.000099 
2700 0.000098 
2710 0.000105 
2720 0.000221 
2730 0.000221 
2740 0.000231 
2750 0.000228 
2760 0.000233 
2770 0.000236 
2780 0.000245 
2790 0.000229 
2800 0.000173 
2810 0.000102 
2820 0.000103 
2830 0.000098 
2840 0.000090 
2850 0.000096 
2860 0.000128 
2870 0.000092 
2880 0.000097 
2890 0.000098 
2900 0.000101 
2910 0.000087 
2920 0.000098 
2930 0.000111 
2940 0.000092 
2950 0.000088 
2960 0.000097 
2970 0.000095 
2980 0.000096 
2990 0.000097 
3000 0.000098 
3010 0.000098 
3020 0.000096 
3030 0.000101 
3040 0.000106 
3050 0.000091 
3060 0.000088 
3070 0.000099 
3080 0.000132 
3090 0.000174 
3100 0.000146 
3110 0.000233 
3120 0.000236 
3130 0.000228 
3140 0.000232 
3150 0.000237 
3160 0.000232 
3170 0.000233 
3180 0.000237 
3190 0.000146 
3200 0.000092 
3210 0.000098 
3220 0.000102 
3230 0.000098 
3240 0.000088 
3250 0.000100 
3260 0.000106 
3270 0.000094 
3280 0.000095 
3290 0.000100 
3300 0.000099 
3310 0.000094 
3320 0.000098 
3330 0.000100 
3340 0.000096 
3350 0.000087 
3360 0.000099 
3370 0.000107 
3380 0.000093 
3390 0.000096 
3400 0.000100 
3410 0.000094 
3420 0.000211 
3430 0.000109 
3440 0.000108 
3450 0.000096 
3460 0.000084 
3470 0.000099 
3480 0.000101 
3490 0.000094 
3500 0.000097 
3510 0.000099 
3520 0.000093 
3530 0.000094 
3540 0.000101 
3550 0.000119 
3560 0.000097 
3570 0.000081 
3580 0.000101 
3590 0.000100 
3600 0.000099 
3610 0.000096 
3620 0.000099 
3630 0.000093 
3640 0.000094 
3650 0.000099 
3660 0.000104 
3670 0.000093 
3680 0.000098 
3690 0.000100 
3700 0.000101 
3710 0.000101 
3720 0.000096 
3730 0.000099 
3740 0.000106 
3750 0.000089 
3760 0.000098 
3770 0.000106 
3780 0.000097 
3790 0.000091 
3800 0.000101 
3810 0.000100 
3820 0.000105 
3830 0.000099 
3840 0.000097 
3850 0.000094 
3860 0.000204 
3870 0.000101 
3880 0.000111 
3890 0.000095 
3900 0.000090 
3910 0.000101 
3920 0.000090 
3930 0.000093 
3940 0.000098 
3950 0.000098 
3960 0.000093 
3970 0.000102 
3980 0.000099 
3990 0.000107 
4000 0.000095 
4010 0.000118 
4020 0.000102 
4030 0.000094 
4040 0.000092 
4050 0.000098 
4060 0.000100 
4070 0.000096 
4080 0.000096 
4090 0.000098 
4100 0.000103 
4110 0.000091 
4120 0.000102 
4130 0.000097 
4140 0.000095 
4150 0.000093 
4160 0.000096 
4170 0.000097 
4180 0.000101 
4190 0.000132 
4200 0.000100 
4210 0.000100 
4220 0.000092 
4230 0.000116 
4240 0.000097 
4250 0.000097 
4260 0.000096 
4270 0.000098 
4280 0.000099 
4290 0.000097 
4300 0.000096 
4310 0.000101 
4320 0.000211 
4330 0.000229 
4340 0.000250 
4350 0.000229 
4360 0.000225 
4370 0.000229 
4380 0.000233 
4390 0.000235 
4400 0.000230 
4410 0.000145 
4420 0.000101 
4430 0.000107 
4440 0.000091 
4450 0.000092 
4460 0.000100 
4470 0.000098 
4480 0.000091 
4490 0.000097 
4500 0.000101 
4510 0.000099 
4520 0.000089 
4530 0.000112 
4540 0.000107 
4550 0.000094 
4560 0.000095 
4570 0.000101 
4580 0.000099 
4590 0.000095 
4600 0.000098 
4610 0.000103 
4620 0.000096 
4630 0.000088 
4640 0.000099 
4650 0.000107 
4660 0.000094 
4670 0.000096 
4680 0.000098 
4690 0.000092 
4700 0.000228 
4710 0.000231 
4720 0.000236 
4730 0.000232 
4740 0.000229 
4750 0.000234 
4760 0.000102 
4770 0.000094 
4780 0.000095 
4790 0.000099 
4800 0.000093 
4810 0.000097 
4820 0.000101 
4830 0.000106 
4840 0.000097 
4850 0.000080 
4860 0.000100 
4870 0.000102 
4880 0.000101 
4890 0.000096 
4900 0.000099 
4910 0.000094 
4920 0.000094 
4930 0.000104 
4940 0.000106 
4950 0.000093 
4960 0.000106 
4970 0.000101 
4980 0.000100 
4990 0.000101 
5000 0.000096 
5010 0.000099 
5020 0.000097 
5030 0.000090 
5040 0.000098 
5050 0.000106 
5060 0.000097 
5070 0.000091 
5080 0.000101 
5090 0.000100 
5100 0.000107 
5110 0.000099 
5120 0.000098 
5130 0.000094 
5140 0.000150 
5150 0.000100 
5160 0.000115 
5170 0.000094 
5180 0.000090 
5190 0.000101 
5200 0.000090 
5210 0.000093 
5220 0.000099 
5230 0.000099 
5240 0.000094 
5250 0.000100 
5260 0.000098 
5270 0.000105 
5280 0.000095 
5290 0.000091 
5300 0.000100 
5310 0.000094 
5320 0.000092 
5330 0.000097 
5340 0.000100 
5350 0.000121 
5360 0.000095 
5370 0.000099 
5380 0.000119 
5390 0.000092 
5400 0.000089 
5410 0.000095 
5420 0.000094 
5430 0.000093 
5440 0.000096 
5450 0.000098 
5460 0.000102 
5470 0.000088 
5480 0.000100 
5490 0.000101 
5500 0.000091 
5510 0.000088 
5520 0.000097 
5530 0.000141 
5540 0.000108 
5550 0.000097 
5560 0.000098 
5570 0.000097 
5580 0.000096 
5590 0.000107 
5600 0.000106 
5610 0.000092 
5620 0.000088 
5630 0.000099 
5640 0.000181 
5650 0.000186 
5660 0.000226 
5670 0.000249 
5680 0.000228 
5690 0.000225 
5700 0.000234 
5710 0.000238 
5720 0.000215 
5730 0.000092 
5740 0.000100 
5750 0.000099 
5760 0.000093 
5770 0.000097 
5780 0.000101 
5790 0.000098 
5800 0.000090 
5810 0.000100 
5820 0.000107 
5830 0.000117 
5840 0.000095 
5850 0.000099 
5860 0.000099 
5870 0.000095 
5880 0.000098 
5890 0.000099 
5900 0.000097 
5910 0.000087 
5920 0.000098 
5930 0.000107 
5940 0.000093 
5950 0.000111 
5960 0.000097 
5970 0.000093 
5980 0.000090 
5990 0.000102 
6000 0.000106 
6010 0.000099 
6020 0.000084 
6030 0.000100 
6040 0.000101 
6050 0.000095 
6060 0.000095 
6070 0.000100 
6080 0.000093 
6090 0.000093 
6100 0.000207 
6110 0.000109 
6120 0.000098 
6130 0.000080 
6140 0.000101 
6150 0.000099 
6160 0.000099 
6170 0.000096 
6180 0.000100 
6190 0.000093 
6200 0.000093 
6210 0.000117 
6220 0.000107 
6230 0.000092 
6240 0.000096 
6250 0.000100 
6260 0.000100 
6270 0.000113 
6280 0.000143 
6290 0.000099 
6300 0.000097 
6310 0.000088 
6320 0.000097 
6330 0.000106 
6340 0.000096 
6350 0.000137 
6360 0.000216 
6370 0.000236 
6380 0.000124 
6390 0.000098 
6400 0.000096 
6410 0.000093 
6420 0.000091 
6430 0.000099 
6440 0.000106 
6450 0.000092 
6460 0.000089 
6470 0.000099 
6480 0.000090 
6490 0.000092 
6500 0.000098 
6510 0.000099 
6520 0.000096 
6530 0.000106 
6540 0.000097 
6550 0.000104 
6560 0.000094 
6570 0.000090 
6580 0.000099 
6590 0.000093 
6600 0.000091 
6610 0.000096 
6620 0.000104 
6630 0.000096 
6640 0.000094 
6650 0.000097 
6660 0.000110 
6670 0.000090 
6680 0.000088 
6690 0.000095 
6700 0.000093 
6710 0.000091 
6720 0.000094 
6730 0.000096 
6740 0.000099 
6750 0.000088 
6760 0.000098 
6770 0.000099 
6780 0.000090 
6790 0.000087 
6800 0.000094 
6810 0.000094 
6820 0.000095 
6830 0.000096 
6840 0.000095 
6850 0.000096 
6860 0.000096 
6870 0.000099 
6880 0.000105 
6890 0.000089 
6900 0.000087 
6910 0.000096 
6920 0.000092 
6930 0.000091 
6940 0.000098 
6950 0.000100 
6960 0.000179 
6970 0.000094 
6980 0.000100 
6990 0.000105 
7000 0.000089 
7010 0.000090 
7020 0.000098 
7030 0.000097 
7040 0.000092 
7050 0.000098 
7060 0.000110 
7070 0.000174 
7080 0.000106 
7090 0.000121 
7100 0.000124 
7110 0.000106 
7120 0.000116 
7130 0.000110 
7140 0.000104 
7150 0.000101 
7160 0.000142 
7170 0.000114 
7180 0.000115 
7190 0.000095 
7200 0.000098 
7210 0.000105 
7220 0.000093 
7230 0.000095 
7240 0.000096 
7250 0.000092 
7260 0.000089 
7270 0.000100 
7280 0.000103 
7290 0.000096 
7300 0.000087 
7310 0.000100 
7320 0.000103 
7330 0.000099 
7340 0.000104 
7350 0.000116 
7360 0.000210 
7370 0.000122 
7380 0.000139 
7390 0.000152 
7400 0.000159 
7410 0.000155 
7420 0.000147 
7430 0.000138 
7440 0.000187 
7450 0.000245 
7460 0.000137 
7470 0.000145 
7480 0.000235 
7490 0.000320 
7500 0.000315 
7510 0.000360 
7520 0.000312 
7530 0.000194 
7540 0.000131 
7550 0.000143 
7560 0.000266 
7570 0.000236 
7580 0.000258 
7590 0.000277 
7600 0.000304 
7610 0.000302 
7620 0.000137 
7630 0.000093 
7640 0.000089 
7650 0.000098 
7660 0.000110 
7670 0.000088 
7680 0.000088 
7690 0.000106 
7700 0.000122 
7710 0.000135 
7720 0.000128 
7730 0.000127 
7740 0.000133 
7750 0.000131 
7760 0.000142 
7770 0.000134 
7780 0.000130 
7790 0.000131 
7800 0.000137 
7810 0.000127 
7820 0.000113 
7830 0.000124 
7840 0.000110 
7850 0.000141 
7860 0.000108 
7870 0.000107 
7880 0.000103 
7890 0.000108 
7900 0.000108 
7910 0.000168 
7920 0.000208 
7930 0.000147 
7940 0.000163 
7950 0.000161 
7960 0.000257 
7970 0.000111 
7980 0.000091 
7990 0.000082 
8000 0.000085 
8010 0.000089 
8020 0.000091 
8030 0.000078 
8040 0.000087 
8050 0.000094 
8060 0.000080 
8070 0.000080 
8080 0.000102 
8090 0.000081 
8100 0.000086 
8110 0.000086 
8120 0.000088 
8130 0.000087 
8140 0.000087 
8150 0.000089 
8160 0.000102 
8170 0.000080 
8180 0.000086 
8190 0.000091 
8200 0.000081 
8210 0.000081 
8220 0.000087 
8230 0.000097 
8240 0.000084 
8250 0.000078 
8260 0.000137 
8270 0.000143 
8280 0.000080 
8290 0.000089 
8300 0.000090 
8310 0.000086 
8320 0.000082 
8330 0.000086 
8340 0.000090 
8350 0.000087 
8360 0.000077 
8370 0.000089 
8380 0.000121 
8390 0.000109 
8400 0.000090 
8410 0.000089 
8420 0.000087 
8430 0.000083 
8440 0.000147 
8450 0.000221 
8460 0.000112 
8470 0.000157 
8480 0.000230 
8490 0.000231 
8500 0.000229 
8510 0.000230 
8520 0.000235 
8530 0.000231 
8540 0.000229 
8550 0.000239 
8560 0.000248 
8570 0.000233 
8580 0.000231 
8590 0.000236 
8600 0.000239 
8610 0.000233 
8620 0.000234 
8630 0.000236 
8640 0.000231 
8650 0.000232 
8660 0.000237 
8670 0.000240 
8680 0.000233 
8690 0.000231 
8700 0.000188 
8710 0.000093 
8720 0.000090 
8730 0.000085 
8740 0.000088 
8750 0.000081 
8760 0.000083 
8770 0.000087 
8780 0.000093 
8790 0.000085 
8800 0.000089 
8810 0.000088 
8820 0.000091 
8830 0.000093 
8840 0.000084 
8850 0.000088 
8860 0.000085 
8870 0.000080 
8880 0.000086 
8890 0.000098 
8900 0.000086 
8910 0.000085 
8920 0.000094 
8930 0.000104 
8940 0.000124 
8950 0.000101 
8960 0.000097 
8970 0.000093 
8980 0.000094 
8990 0.000130 
9000 0.000151 
9010 0.000174 
9020 0.000169 
9030 0.000119 
9040 0.000110 
9050 0.000113 
9060 0.000125 
9070 0.000100 
9080 0.000134 
9090 0.000258 
9100 0.000231 
9110 0.000225 
9120 0.000157 
9130 0.000107 
9140 0.000100 
9150 0.000128 
9160 0.000114 
9170 0.000238 
9180 0.000205 
9190 0.000098 
9200 0.000093 
9210 0.000090 
9220 0.000101 
9230 0.000090 
9240 0.000088 
9250 0.000089 
9260 0.000115 
9270 0.000088 
9280 0.000088 
9290 0.000115 
9300 0.000133 
9310 0.000167 
9320 0.000105 
9330 0.000104 
9340 0.000084 
9350 0.000083 
9360 0.000092 
9370 0.000084 
9380 0.000086 
9390 0.000086 
9400 0.000087 
9410 0.000087 
9420 0.000087 
9430 0.000093 
9440 0.000111 
9450 0.000087 
9460 0.000088 
9470 0.000099 
9480 0.000126 
9490 0.000125 
9500 0.000131 
9510 0.000132 
9520 0.000144 
9530 0.000183 
9540 0.000110 
9550 0.000116 
9560 0.000220 
9570 0.000111 
9580 0.000102 
9590 0.000109 
9600 0.000122 
9610 0.000094 
9620 0.000092 
9630 0.000094 
9640 0.000078 
9650 0.000088 
9660 0.000102 
9670 0.000084 
9680 0.000083 
9690 0.000089 
9700 0.000088 
9710 0.000085 
9720 0.000087 
9730 0.000087 
9740 0.000087 
9750 0.000078 
9760 0.000088 
9770 0.000104 
9780 0.000084 
9790 0.000085 
9800 0.000087 
9810 0.000082 
9820 0.000082 
9830 0.000090 
9840 0.000094 
9850 0.000123 
9860 0.000167 
9870 0.000094 
9880 0.000094 
9890 0.000084 
9900 0.000085 
9910 0.000088 
9920 0.000087 
9930 0.000084 
9940 0.000105 
9950 0.000094 
9960 0.000086 
9970 0.000075 
9980 0.000090 
9990 0.000093 
