0 0.000358 
10 0.000279 
20 0.000249 
30 0.000224 
40 0.000250 
50 0.000239 
60 0.000257 
70 0.000222 
80 0.000210 
90 0.000238 
100 0.000222 
110 0.000226 
120 0.000220 
130 0.000260 
140 0.000267 
150 0.000259 
160 0.000352 
170 0.000227 
180 0.000257 
190 0.000256 
200 0.000271 
210 0.000291 
220 0.000252 
230 0.000199 
240 0.000293 
250 0.000733 
260 0.000254 
270 0.000181 
280 0.000168 
290 0.000163 
300 0.000156 
310 0.000164 
320 0.000198 
330 0.000160 
340 0.000169 
350 0.000125 
360 0.000191 
370 0.000320 
380 0.000264 
390 0.000237 
400 0.000284 
410 0.000459 
420 0.000175 
430 0.000298 
440 0.000285 
450 0.000219 
460 0.000156 
470 0.000165 
480 0.000116 
490 0.000156 
500 0.000194 
510 0.000175 
520 0.000137 
530 0.000154 
540 0.000151 
550 0.000283 
560 0.000186 
570 0.000104 
580 0.000081 
590 0.000083 
600 0.000074 
610 0.000112 
620 0.000247 
630 0.000286 
640 0.000176 
650 0.000127 
660 0.000219 
670 0.000247 
680 0.000248 
690 0.000247 
700 0.000131 
710 0.000128 
720 0.000111 
730 0.000109 
740 0.000156 
750 0.000160 
760 0.000098 
770 0.000069 
780 0.000068 
790 0.000068 
800 0.000068 
810 0.000067 
820 0.000067 
830 0.000067 
840 0.000082 
850 0.000077 
860 0.000076 
870 0.000071 
880 0.000073 
890 0.000069 
900 0.000077 
910 0.000073 
920 0.000078 
930 0.000074 
940 0.000072 
950 0.000073 
960 0.000080 
970 0.000067 
980 0.000067 
990 0.000066 
1000 0.000079 
1010 0.000094 
1020 0.000115 
1030 0.000116 
1040 0.000105 
1050 0.000088 
1060 0.000102 
1070 0.000087 
1080 0.000107 
1090 0.000104 
1100 0.000092 
1110 0.000089 
1120 0.000101 
1130 0.000116 
1140 0.000119 
1150 0.000136 
1160 0.000081 
1170 0.000067 
1180 0.000072 
1190 0.000066 
1200 0.000067 
1210 0.000065 
1220 0.000064 
1230 0.000064 
1240 0.000081 
1250 0.000083 
1260 0.000107 
1270 0.000105 
1280 0.000088 
1290 0.000079 
1300 0.000073 
1310 0.000071 
1320 0.000070 
1330 0.000071 
1340 0.000073 
1350 0.000074 
1360 0.000066 
1370 0.000076 
1380 0.000072 
1390 0.000072 
1400 0.000071 
1410 0.000075 
1420 0.000068 
1430 0.000076 
1440 0.000072 
1450 0.000067 
1460 0.000069 
1470 0.000073 
1480 0.000073 
1490 0.000083 
1500 0.000078 
1510 0.000077 
1520 0.000076 
1530 0.000073 
1540 0.000070 
1550 0.000070 
1560 0.000068 
1570 0.000064 
1580 0.000065 
1590 0.000073 
1600 0.000065 
1610 0.000067 
1620 0.000067 
1630 0.000071 
1640 0.000068 
1650 0.000063 
1660 0.000071 
1670 0.000069 
1680 0.000063 
1690 0.000070 
1700 0.000074 
1710 0.000074 
1720 0.000073 
1730 0.000070 
1740 0.000072 
1750 0.000073 
1760 0.000063 
1770 0.000070 
1780 0.000066 
1790 0.000060 
1800 0.000059 
1810 0.000059 
1820 0.000059 
1830 0.000060 
1840 0.000058 
1850 0.000059 
1860 0.000060 
1870 0.000058 
1880 0.000059 
1890 0.000058 
1900 0.000058 
1910 0.000059 
1920 0.000059 
1930 0.000058 
1940 0.000058 
1950 0.000057 
1960 0.000058 
1970 0.000058 
1980 0.000058 
1990 0.000058 
2000 0.000057 
2010 0.000058 
2020 0.000058 
2030 0.000057 
2040 0.000057 
2050 0.000067 
2060 0.000065 
2070 0.000068 
2080 0.000058 
2090 0.000057 
2100 0.000058 
2110 0.000057 
2120 0.000057 
2130 0.000057 
2140 0.000056 
2150 0.000057 
2160 0.000057 
2170 0.000056 
2180 0.000056 
2190 0.000057 
2200 0.000058 
2210 0.000057 
2220 0.000056 
2230 0.000056 
2240 0.000056 
2250 0.000056 
2260 0.000056 
2270 0.000059 
2280 0.000056 
2290 0.000056 
2300 0.000056 
2310 0.000055 
2320 0.000055 
2330 0.000056 
2340 0.000056 
2350 0.000055 
2360 0.000055 
2370 0.000056 
2380 0.000055 
2390 0.000054 
2400 0.000055 
2410 0.000069 
2420 0.000056 
2430 0.000055 
2440 0.000055 
2450 0.000054 
2460 0.000055 
2470 0.000058 
2480 0.000081 
2490 0.000089 
2500 0.000094 
2510 0.000098 
2520 0.000092 
2530 0.000079 
2540 0.000067 
2550 0.000065 
2560 0.000064 
2570 0.000063 
2580 0.000057 
2590 0.000063 
2600 0.000059 
2610 0.000063 
2620 0.000062 
2630 0.000064 
2640 0.000054 
2650 0.000053 
2660 0.000053 
2670 0.000053 
2680 0.000053 
2690 0.000053 
2700 0.000053 
2710 0.000053 
2720 0.000053 
2730 0.000065 
2740 0.000062 
2750 0.000053 
2760 0.000053 
2770 0.000053 
2780 0.000053 
2790 0.000054 
2800 0.000054 
2810 0.000076 
2820 0.000054 
2830 0.000052 
2840 0.000052 
2850 0.000052 
2860 0.000051 
2870 0.000052 
2880 0.000051 
2890 0.000052 
2900 0.000052 
2910 0.000052 
2920 0.000052 
2930 0.000051 
2940 0.000052 
2950 0.000051 
2960 0.000051 
2970 0.000051 
2980 0.000051 
2990 0.000051 
3000 0.000051 
3010 0.000051 
3020 0.000051 
3030 0.000051 
3040 0.000051 
3050 0.000050 
3060 0.000051 
3070 0.000050 
3080 0.000050 
3090 0.000075 
3100 0.000061 
3110 0.000062 
3120 0.000051 
3130 0.000054 
3140 0.000050 
3150 0.000051 
3160 0.000050 
3170 0.000049 
3180 0.000050 
3190 0.000049 
3200 0.000049 
3210 0.000049 
3220 0.000049 
3230 0.000050 
3240 0.000049 
3250 0.000049 
3260 0.000049 
3270 0.000049 
3280 0.000049 
3290 0.000049 
3300 0.000049 
3310 0.000048 
3320 0.000048 
3330 0.000048 
3340 0.000049 
3350 0.000048 
3360 0.000048 
3370 0.000048 
3380 0.000052 
3390 0.000048 
3400 0.000048 
3410 0.000048 
3420 0.000048 
3430 0.000051 
3440 0.000057 
3450 0.000049 
3460 0.000048 
3470 0.000048 
3480 0.000048 
3490 0.000047 
3500 0.000047 
3510 0.000048 
3520 0.000047 
3530 0.000047 
3540 0.000047 
3550 0.000047 
3560 0.000046 
3570 0.000047 
3580 0.000046 
3590 0.000046 
3600 0.000047 
3610 0.000048 
3620 0.000046 
3630 0.000046 
3640 0.000046 
3650 0.000046 
3660 0.000047 
3670 0.000046 
3680 0.000046 
3690 0.000046 
3700 0.000046 
3710 0.000046 
3720 0.000046 
3730 0.000045 
3740 0.000045 
3750 0.000045 
3760 0.000046 
3770 0.000045 
3780 0.000045 
3790 0.000045 
3800 0.000045 
3810 0.000045 
3820 0.000045 
3830 0.000045 
3840 0.000045 
3850 0.000045 
3860 0.000044 
3870 0.000048 
3880 0.000045 
3890 0.000045 
3900 0.000044 
3910 0.000045 
3920 0.000044 
3930 0.000044 
3940 0.000044 
3950 0.000045 
3960 0.000044 
3970 0.000044 
3980 0.000045 
3990 0.000043 
4000 0.000043 
4010 0.000045 
4020 0.000050 
4030 0.000043 
4040 0.000043 
4050 0.000043 
4060 0.000043 
4070 0.000044 
4080 0.000043 
4090 0.000043 
4100 0.000042 
4110 0.000043 
4120 0.000042 
4130 0.000043 
4140 0.000042 
4150 0.000042 
4160 0.000043 
4170 0.000043 
4180 0.000043 
4190 0.000042 
4200 0.000044 
4210 0.000042 
4220 0.000042 
4230 0.000042 
4240 0.000042 
4250 0.000042 
4260 0.000042 
4270 0.000042 
4280 0.000041 
4290 0.000042 
4300 0.000042 
4310 0.000042 
4320 0.000043 
4330 0.000048 
4340 0.000044 
4350 0.000045 
4360 0.000044 
4370 0.000042 
4380 0.000042 
4390 0.000041 
4400 0.000041 
4410 0.000042 
4420 0.000041 
4430 0.000041 
4440 0.000041 
4450 0.000041 
4460 0.000041 
4470 0.000040 
4480 0.000041 
4490 0.000040 
4500 0.000040 
4510 0.000040 
4520 0.000040 
4530 0.000039 
4540 0.000040 
4550 0.000040 
4560 0.000040 
4570 0.000040 
4580 0.000040 
4590 0.000040 
4600 0.000040 
4610 0.000040 
4620 0.000040 
4630 0.000039 
4640 0.000039 
4650 0.000039 
4660 0.000039 
4670 0.000039 
4680 0.000039 
4690 0.000040 
4700 0.000039 
4710 0.000040 
4720 0.000039 
4730 0.000039 
4740 0.000039 
4750 0.000038 
4760 0.000046 
4770 0.000038 
4780 0.000039 
4790 0.000038 
4800 0.000038 
4810 0.000038 
4820 0.000038 
4830 0.000038 
4840 0.000038 
4850 0.000038 
4860 0.000038 
4870 0.000042 
4880 0.000038 
4890 0.000038 
4900 0.000037 
4910 0.000038 
4920 0.000038 
4930 0.000038 
4940 0.000039 
4950 0.000038 
4960 0.000037 
4970 0.000037 
4980 0.000037 
4990 0.000037 
5000 0.000036 
5010 0.000037 
5020 0.000036 
5030 0.000036 
5040 0.000036 
5050 0.000036 
5060 0.000037 
5070 0.000037 
5080 0.000036 
5090 0.000036 
5100 0.000036 
5110 0.000036 
5120 0.000036 
5130 0.000035 
5140 0.000042 
5150 0.000036 
5160 0.000036 
5170 0.000035 
5180 0.000035 
5190 0.000036 
5200 0.000035 
5210 0.000036 
5220 0.000035 
5230 0.000035 
5240 0.000035 
5250 0.000035 
5260 0.000035 
5270 0.000035 
5280 0.000034 
5290 0.000035 
5300 0.000035 
5310 0.000034 
5320 0.000034 
5330 0.000035 
5340 0.000035 
5350 0.000034 
5360 0.000034 
5370 0.000034 
5380 0.000034 
5390 0.000034 
5400 0.000034 
5410 0.000034 
5420 0.000034 
5430 0.000034 
5440 0.000034 
5450 0.000033 
5460 0.000034 
5470 0.000033 
5480 0.000033 
5490 0.000033 
5500 0.000033 
5510 0.000033 
5520 0.000033 
5530 0.000033 
5540 0.000040 
5550 0.000033 
5560 0.000033 
5570 0.000033 
5580 0.000033 
5590 0.000032 
5600 0.000034 
5610 0.000033 
5620 0.000033 
5630 0.000033 
5640 0.000038 
5650 0.000042 
5660 0.000037 
5670 0.000034 
5680 0.000033 
5690 0.000033 
5700 0.000032 
5710 0.000031 
5720 0.000033 
5730 0.000032 
5740 0.000031 
5750 0.000032 
5760 0.000032 
5770 0.000031 
5780 0.000031 
5790 0.000032 
5800 0.000031 
5810 0.000031 
5820 0.000031 
5830 0.000031 
5840 0.000037 
5850 0.000031 
5860 0.000031 
5870 0.000030 
5880 0.000030 
5890 0.000031 
5900 0.000031 
5910 0.000030 
5920 0.000030 
5930 0.000030 
5940 0.000031 
5950 0.000030 
5960 0.000030 
5970 0.000029 
5980 0.000030 
5990 0.000030 
6000 0.000030 
6010 0.000030 
6020 0.000030 
6030 0.000030 
6040 0.000029 
6050 0.000029 
6060 0.000029 
6070 0.000029 
6080 0.000029 
6090 0.000029 
6100 0.000030 
6110 0.000030 
6120 0.000029 
6130 0.000029 
6140 0.000029 
6150 0.000028 
6160 0.000029 
6170 0.000028 
6180 0.000035 
6190 0.000029 
6200 0.000029 
6210 0.000028 
6220 0.000033 
6230 0.000028 
6240 0.000029 
6250 0.000029 
6260 0.000028 
6270 0.000030 
6280 0.000034 
6290 0.000028 
6300 0.000028 
6310 0.000027 
6320 0.000027 
6330 0.000028 
6340 0.000027 
6350 0.000028 
6360 0.000033 
6370 0.000028 
6380 0.000027 
6390 0.000027 
6400 0.000027 
6410 0.000027 
6420 0.000026 
6430 0.000027 
6440 0.000027 
6450 0.000028 
6460 0.000027 
6470 0.000026 
6480 0.000027 
6490 0.000027 
6500 0.000026 
6510 0.000026 
6520 0.000026 
6530 0.000030 
6540 0.000026 
6550 0.000026 
6560 0.000025 
6570 0.000026 
6580 0.000026 
6590 0.000025 
6600 0.000025 
6610 0.000026 
6620 0.000026 
6630 0.000026 
6640 0.000025 
6650 0.000025 
6660 0.000031 
6670 0.000025 
6680 0.000025 
6690 0.000025 
6700 0.000025 
6710 0.000025 
6720 0.000024 
6730 0.000024 
6740 0.000025 
6750 0.000024 
6760 0.000024 
6770 0.000024 
6780 0.000024 
6790 0.000024 
6800 0.000024 
6810 0.000024 
6820 0.000024 
6830 0.000024 
6840 0.000024 
6850 0.000024 
6860 0.000024 
6870 0.000024 
6880 0.000024 
6890 0.000023 
6900 0.000024 
6910 0.000023 
6920 0.000024 
6930 0.000023 
6940 0.000023 
6950 0.000023 
6960 0.000023 
6970 0.000029 
6980 0.000024 
6990 0.000023 
7000 0.000023 
7010 0.000023 
7020 0.000022 
7030 0.000023 
7040 0.000022 
7050 0.000022 
7060 0.000024 
7070 0.000024 
7080 0.000027 
7090 0.000026 
7100 0.000028 
7110 0.000028 
7120 0.000023 
7130 0.000026 
7140 0.000023 
7150 0.000024 
7160 0.000022 
7170 0.000029 
7180 0.000025 
7190 0.000029 
7200 0.000023 
7210 0.000021 
7220 0.000021 
7230 0.000021 
7240 0.000020 
7250 0.000021 
7260 0.000020 
7270 0.000020 
7280 0.000020 
7290 0.000021 
7300 0.000021 
7310 0.000020 
7320 0.000021 
7330 0.000021 
7340 0.000022 
7350 0.000022 
7360 0.000031 
7370 0.000026 
7380 0.000028 
7390 0.000027 
7400 0.000029 
7410 0.000034 
7420 0.000028 
7430 0.000026 
7440 0.000025 
7450 0.000022 
7460 0.000033 
7470 0.000026 
7480 0.000025 
7490 0.000027 
7500 0.000058 
7510 0.000062 
7520 0.000079 
7530 0.000044 
7540 0.000041 
7550 0.000027 
7560 0.000043 
7570 0.000066 
7580 0.000045 
7590 0.000045 
7600 0.000046 
7610 0.000051 
7620 0.000043 
7630 0.000024 
7640 0.000018 
7650 0.000017 
7660 0.000018 
7670 0.000018 
7680 0.000018 
7690 0.000020 
7700 0.000026 
7710 0.000028 
7720 0.000030 
7730 0.000030 
7740 0.000029 
7750 0.000031 
7760 0.000030 
7770 0.000033 
7780 0.000029 
7790 0.000026 
7800 0.000030 
7810 0.000027 
7820 0.000026 
7830 0.000024 
7840 0.000023 
7850 0.000022 
7860 0.000023 
7870 0.000020 
7880 0.000020 
7890 0.000021 
7900 0.000021 
7910 0.000021 
7920 0.000036 
7930 0.000035 
7940 0.000031 
7950 0.000030 
7960 0.000048 
7970 0.000037 
7980 0.000020 
7990 0.000016 
8000 0.000016 
8010 0.000015 
8020 0.000015 
8030 0.000015 
8040 0.000015 
8050 0.000015 
8060 0.000015 
8070 0.000016 
8080 0.000015 
8090 0.000015 
8100 0.000015 
8110 0.000015 
8120 0.000015 
8130 0.000014 
8140 0.000015 
8150 0.000015 
8160 0.000014 
8170 0.000014 
8180 0.000014 
8190 0.000015 
8200 0.000014 
8210 0.000014 
8220 0.000014 
8230 0.000014 
8240 0.000014 
8250 0.000014 
8260 0.000014 
8270 0.000016 
8280 0.000014 
8290 0.000014 
8300 0.000013 
8310 0.000014 
8320 0.000014 
8330 0.000013 
8340 0.000013 
8350 0.000013 
8360 0.000013 
8370 0.000013 
8380 0.000013 
8390 0.000017 
8400 0.000014 
8410 0.000013 
8420 0.000013 
8430 0.000013 
8440 0.000013 
8450 0.000017 
8460 0.000013 
8470 0.000012 
8480 0.000015 
8490 0.000017 
8500 0.000015 
8510 0.000013 
8520 0.000012 
8530 0.000012 
8540 0.000016 
8550 0.000012 
8560 0.000012 
8570 0.000012 
8580 0.000012 
8590 0.000012 
8600 0.000011 
8610 0.000012 
8620 0.000012 
8630 0.000011 
8640 0.000011 
8650 0.000011 
8660 0.000011 
8670 0.000011 
8680 0.000011 
8690 0.000011 
8700 0.000011 
8710 0.000011 
8720 0.000010 
8730 0.000010 
8740 0.000010 
8750 0.000011 
8760 0.000010 
8770 0.000010 
8780 0.000010 
8790 0.000010 
8800 0.000010 
8810 0.000010 
8820 0.000010 
8830 0.000010 
8840 0.000010 
8850 0.000009 
8860 0.000009 
8870 0.000009 
8880 0.000009 
8890 0.000010 
8900 0.000010 
8910 0.000010 
8920 0.000009 
8930 0.000011 
8940 0.000011 
8950 0.000011 
8960 0.000010 
8970 0.000009 
8980 0.000010 
8990 0.000010 
9000 0.000013 
9010 0.000013 
9020 0.000013 
9030 0.000011 
9040 0.000011 
9050 0.000011 
9060 0.000011 
9070 0.000009 
9080 0.000009 
9090 0.000012 
9100 0.000012 
9110 0.000011 
9120 0.000014 
9130 0.000010 
9140 0.000010 
9150 0.000009 
9160 0.000009 
9170 0.000011 
9180 0.000013 
9190 0.000009 
9200 0.000007 
9210 0.000008 
9220 0.000007 
9230 0.000007 
9240 0.000009 
9250 0.000007 
9260 0.000007 
9270 0.000008 
9280 0.000007 
9290 0.000007 
9300 0.000010 
9310 0.000032 
9320 0.000009 
9330 0.000008 
9340 0.000006 
9350 0.000006 
9360 0.000006 
9370 0.000005 
9380 0.000005 
9390 0.000005 
9400 0.000005 
9410 0.000006 
9420 0.000006 
9430 0.000006 
9440 0.000005 
9450 0.000006 
9460 0.000006 
9470 0.000006 
9480 0.000007 
9490 0.000006 
9500 0.000006 
9510 0.000006 
9520 0.000007 
9530 0.000008 
9540 0.000006 
9550 0.000005 
9560 0.000006 
9570 0.000007 
9580 0.000007 
9590 0.000005 
9600 0.000006 
9610 0.000005 
9620 0.000004 
9630 0.000004 
9640 0.000004 
9650 0.000004 
9660 0.000004 
9670 0.000004 
9680 0.000003 
9690 0.000003 
9700 0.000003 
9710 0.000003 
9720 0.000003 
9730 0.000004 
9740 0.000003 
9750 0.000003 
9760 0.000003 
9770 0.000003 
9780 0.000003 
9790 0.000002 
9800 0.000003 
9810 0.000002 
9820 0.000003 
9830 0.000002 
9840 0.000003 
9850 0.000002 
9860 0.000003 
9870 0.000002 
9880 0.000002 
9890 0.000002 
9900 0.000002 
9910 0.000002 
9920 0.000002 
9930 0.000002 
9940 0.000002 
9950 0.000001 
9960 0.000002 
9970 0.000001 
9980 0.000001 
9990 0.000001 
