1000 0.016149 
1100 0.019253 
1200 0.022930 
1300 0.029086 
1400 0.024500 
1500 0.025977 
1600 0.031115 
1700 0.035103 
1800 0.041124 
1900 0.041487 
2000 0.047038 
2100 0.048539 
2200 0.055846 
2300 0.053492 
2400 0.057949 
2500 0.063715 
2600 0.068180 
2700 0.073014 
2800 0.080662 
2900 0.106429 
3000 0.124164 
3100 0.102737 
3200 0.105371 
3300 0.116752 
3400 0.120368 
3500 0.126052 
3600 0.137990 
3700 0.149361 
3800 0.176201 
3900 0.167071 
4000 0.177516 
4100 0.177193 
4200 0.179837 
4300 0.186580 
4400 0.201486 
4500 0.205256 
4600 0.218252 
4700 0.229184 
4800 0.235610 
4900 0.263528 
5000 0.278011 
5100 0.285229 
5200 0.289494 
5300 0.310658 
5400 0.317637 
5500 0.338404 
5600 0.341886 
5700 0.361001 
5800 0.381802 
5900 0.428665 
6000 0.445814 
6100 0.446567 
6200 0.481402 
6300 0.486846 
6400 0.486643 
6500 0.431228 
6600 0.447671 
6700 0.450944 
6800 0.495548 
6900 0.500905 
7000 0.542760 
7100 0.557650 
7200 0.568727 
7300 0.652381 
7400 0.588095 
7500 0.610751 
7600 0.638208 
7700 0.595435 
7800 0.650480 
7900 0.667368 
8000 0.680826 
8100 0.670185 
8200 0.690656 
8300 0.761679 
8400 0.777248 
8500 0.778635 
8600 0.748579 
8700 0.822555 
8800 0.886575 
8900 0.894263 
9000 0.938232 
9100 0.923550 
9200 0.906130 
9300 0.936056 
9400 0.979629 
9500 1.024729 
9600 1.062678 
9700 1.040303 
9800 1.074059 
9900 1.137042 
10000 1.120219 
10100 1.107463 
10200 1.152016 
10300 1.172799 
10400 1.171039 
10500 1.305216 
10600 1.277480 
10700 1.347030 
10800 1.168112 
10900 1.252255 
11000 1.412612 
11100 1.391194 
11200 1.430225 
11300 1.403406 
11400 1.431795 
11500 1.459697 
11600 1.545512 
11700 1.561669 
11800 1.550567 
11900 1.583700 
12000 1.553208 
12100 1.405746 
12200 1.972478 
12300 1.688493 
12400 1.796067 
12500 1.711516 
12600 1.699839 
12700 1.710828 
12800 1.737607 
12900 1.766124 
13000 1.725668 
13100 2.084405 
13200 1.885641 
13300 1.990399 
13400 2.104206 
13500 2.065793 
13600 2.100841 
13700 2.163756 
13800 2.117520 
13900 2.118347 
14000 2.391057 
14100 2.320464 
14200 2.261897 
14300 2.327913 
14400 2.270279 
14500 2.534738 
14600 2.545380 
14700 2.424465 
14800 2.568543 
14900 2.586088 
15000 2.522749 
15100 2.602523 
15200 2.524779 
15300 2.748130 
15400 2.738003 
15500 2.764867 
15600 2.870248 
15700 2.829583 
15800 2.785490 
15900 2.807506 
16000 2.957241 
16100 2.937862 
16200 2.996260 
16300 3.099007 
16400 3.069848 
16500 3.189795 
16600 3.196077 
16700 3.178747 
16800 3.291976 
16900 3.363515 
17000 3.310439 
17100 3.271709 
17200 3.435819 
17300 3.455750 
17400 3.443516 
17500 3.459452 
17600 3.529895 
17700 3.562583 
17800 3.677967 
17900 3.700710 
18000 3.759368 
18100 3.790340 
18200 3.800487 
18300 3.855094 
18400 3.882835 
18500 3.879427 
18600 3.998181 
18700 4.316849 
18800 6.426253 
18900 6.261926 
19000 6.257544 
19100 5.278211 
19200 3.406315 
19300 3.673756 
19400 3.576668 
19500 3.648940 
19600 3.647217 
19700 3.890363 
19800 3.697658 
19900 3.733514 
20000 3.904370 
