0 0.000572 
10 0.000581 
20 0.000563 
30 0.000545 
40 0.000568 
50 0.000562 
60 0.000351 
70 0.000284 
80 0.000375 
90 0.000382 
100 0.000351 
110 0.000319 
120 0.000367 
130 0.000383 
140 0.000383 
150 0.000361 
160 0.000320 
170 0.000299 
180 0.000385 
190 0.000344 
200 0.000369 
210 0.000333 
220 0.000284 
230 0.000245 
240 0.000548 
250 0.000539 
260 0.000284 
270 0.000214 
280 0.000221 
290 0.000251 
300 0.000224 
310 0.000231 
320 0.000226 
330 0.000260 
340 0.000207 
350 0.000223 
360 0.000248 
370 0.000364 
380 0.000269 
390 0.000346 
400 0.000298 
410 0.000307 
420 0.000294 
430 0.000302 
440 0.000276 
450 0.000220 
460 0.000151 
470 0.000146 
480 0.000137 
490 0.000151 
500 0.000290 
510 0.000162 
520 0.000161 
530 0.000177 
540 0.000229 
550 0.000204 
560 0.000178 
570 0.000106 
580 0.000112 
590 0.000100 
600 0.000082 
610 0.000123 
620 0.000282 
630 0.000487 
640 0.000227 
650 0.000229 
660 0.000251 
670 0.000277 
680 0.000258 
690 0.000228 
700 0.000131 
710 0.000128 
720 0.000124 
730 0.000143 
740 0.000215 
750 0.000212 
760 0.000213 
770 0.000221 
780 0.000146 
790 0.000083 
800 0.000092 
810 0.000098 
820 0.000085 
830 0.000087 
840 0.000192 
850 0.000113 
860 0.000094 
870 0.000163 
880 0.000183 
890 0.000164 
900 0.000161 
910 0.000163 
920 0.000177 
930 0.000166 
940 0.000163 
950 0.000165 
960 0.000202 
970 0.000206 
980 0.000208 
990 0.000209 
1000 0.000164 
1010 0.000109 
1020 0.000182 
1030 0.000149 
1040 0.000177 
1050 0.000177 
1060 0.000169 
1070 0.000204 
1080 0.000206 
1090 0.000172 
1100 0.000180 
1110 0.000194 
1120 0.000208 
1130 0.000189 
1140 0.000200 
1150 0.000209 
1160 0.000202 
1170 0.000204 
1180 0.000199 
1190 0.000202 
1200 0.000202 
1210 0.000128 
1220 0.000081 
1230 0.000076 
1240 0.000194 
1250 0.000183 
1260 0.000129 
1270 0.000126 
1280 0.000113 
1290 0.000122 
1300 0.000135 
1310 0.000143 
1320 0.000160 
1330 0.000141 
1340 0.000135 
1350 0.000133 
1360 0.000157 
1370 0.000113 
1380 0.000108 
1390 0.000154 
1400 0.000121 
1410 0.000151 
1420 0.000141 
1430 0.000149 
1440 0.000140 
1450 0.000129 
1460 0.000153 
1470 0.000136 
1480 0.000135 
1490 0.000175 
1500 0.000130 
1510 0.000109 
1520 0.000131 
1530 0.000117 
1540 0.000150 
1550 0.000152 
1560 0.000141 
1570 0.000195 
1580 0.000144 
1590 0.000101 
1600 0.000148 
1610 0.000193 
1620 0.000105 
1630 0.000144 
1640 0.000130 
1650 0.000140 
1660 0.000101 
1670 0.000141 
1680 0.000193 
1690 0.000104 
1700 0.000156 
1710 0.000149 
1720 0.000138 
1730 0.000107 
1740 0.000147 
1750 0.000100 
1760 0.000168 
1770 0.000193 
1780 0.000191 
1790 0.000194 
1800 0.000191 
1810 0.000192 
1820 0.000195 
1830 0.000081 
1840 0.000077 
1850 0.000078 
1860 0.000081 
1870 0.000084 
1880 0.000074 
1890 0.000070 
1900 0.000079 
1910 0.000074 
1920 0.000074 
1930 0.000080 
1940 0.000082 
1950 0.000077 
1960 0.000072 
1970 0.000080 
1980 0.000167 
1990 0.000073 
2000 0.000071 
2010 0.000078 
2020 0.000079 
2030 0.000073 
2040 0.000137 
2050 0.000116 
2060 0.000183 
2070 0.000179 
2080 0.000182 
2090 0.000186 
2100 0.000074 
2110 0.000074 
2120 0.000077 
2130 0.000077 
2140 0.000074 
2150 0.000076 
2160 0.000079 
2170 0.000076 
2180 0.000069 
2190 0.000077 
2200 0.000082 
2210 0.000074 
2220 0.000074 
2230 0.000075 
2240 0.000071 
2250 0.000070 
2260 0.000078 
2270 0.000081 
2280 0.000073 
2290 0.000065 
2300 0.000076 
2310 0.000077 
2320 0.000071 
2330 0.000073 
2340 0.000075 
2350 0.000071 
2360 0.000071 
2370 0.000077 
2380 0.000080 
2390 0.000072 
2400 0.000061 
2410 0.000166 
2420 0.000126 
2430 0.000075 
2440 0.000072 
2450 0.000074 
2460 0.000072 
2470 0.000073 
2480 0.000161 
2490 0.000164 
2500 0.000168 
2510 0.000170 
2520 0.000158 
2530 0.000133 
2540 0.000096 
2550 0.000095 
2560 0.000076 
2570 0.000083 
2580 0.000120 
2590 0.000126 
2600 0.000132 
2610 0.000091 
2620 0.000085 
2630 0.000103 
2640 0.000073 
2650 0.000073 
2660 0.000072 
2670 0.000084 
2680 0.000069 
2690 0.000067 
2700 0.000072 
2710 0.000079 
2720 0.000067 
2730 0.000108 
2740 0.000167 
2750 0.000162 
2760 0.000162 
2770 0.000165 
2780 0.000166 
2790 0.000163 
2800 0.000112 
2810 0.000087 
2820 0.000077 
2830 0.000067 
2840 0.000063 
2850 0.000071 
2860 0.000066 
2870 0.000065 
2880 0.000069 
2890 0.000070 
2900 0.000068 
2910 0.000068 
2920 0.000070 
2930 0.000076 
2940 0.000066 
2950 0.000063 
2960 0.000069 
2970 0.000066 
2980 0.000064 
2990 0.000069 
3000 0.000069 
3010 0.000071 
3020 0.000062 
3030 0.000068 
3040 0.000070 
3050 0.000066 
3060 0.000061 
3070 0.000066 
3080 0.000063 
3090 0.000144 
3100 0.000070 
3110 0.000158 
3120 0.000159 
3130 0.000143 
3140 0.000158 
3150 0.000161 
3160 0.000154 
3170 0.000158 
3180 0.000163 
3190 0.000159 
3200 0.000063 
3210 0.000068 
3220 0.000069 
3230 0.000065 
3240 0.000060 
3250 0.000068 
3260 0.000070 
3270 0.000061 
3280 0.000059 
3290 0.000066 
3300 0.000065 
3310 0.000062 
3320 0.000065 
3330 0.000067 
3340 0.000066 
3350 0.000060 
3360 0.000066 
3370 0.000070 
3380 0.000061 
3390 0.000063 
3400 0.000065 
3410 0.000064 
3420 0.000081 
3430 0.000065 
3440 0.000083 
3450 0.000064 
3460 0.000058 
3470 0.000065 
3480 0.000068 
3490 0.000061 
3500 0.000062 
3510 0.000062 
3520 0.000060 
3530 0.000058 
3540 0.000065 
3550 0.000067 
3560 0.000062 
3570 0.000054 
3580 0.000065 
3590 0.000065 
3600 0.000059 
3610 0.000061 
3620 0.000063 
3630 0.000060 
3640 0.000059 
3650 0.000065 
3660 0.000066 
3670 0.000061 
3680 0.000052 
3690 0.000063 
3700 0.000065 
3710 0.000061 
3720 0.000060 
3730 0.000063 
3740 0.000059 
3750 0.000059 
3760 0.000061 
3770 0.000066 
3780 0.000058 
3790 0.000055 
3800 0.000062 
3810 0.000061 
3820 0.000061 
3830 0.000058 
3840 0.000060 
3850 0.000059 
3860 0.000061 
3870 0.000061 
3880 0.000065 
3890 0.000059 
3900 0.000054 
3910 0.000061 
3920 0.000061 
3930 0.000072 
3940 0.000059 
3950 0.000058 
3960 0.000057 
3970 0.000056 
3980 0.000059 
3990 0.000066 
4000 0.000055 
4010 0.000075 
4020 0.000062 
4030 0.000054 
4040 0.000056 
4050 0.000058 
4060 0.000059 
4070 0.000055 
4080 0.000058 
4090 0.000058 
4100 0.000063 
4110 0.000055 
4120 0.000052 
4130 0.000059 
4140 0.000054 
4150 0.000054 
4160 0.000058 
4170 0.000058 
4180 0.000055 
4190 0.000056 
4200 0.000057 
4210 0.000063 
4220 0.000053 
4230 0.000089 
4240 0.000056 
4250 0.000055 
4260 0.000054 
4270 0.000056 
4280 0.000056 
4290 0.000059 
4300 0.000050 
4310 0.000057 
4320 0.000085 
4330 0.000132 
4340 0.000140 
4350 0.000124 
4360 0.000127 
4370 0.000133 
4380 0.000135 
4390 0.000134 
4400 0.000133 
4410 0.000132 
4420 0.000056 
4430 0.000058 
4440 0.000051 
4450 0.000048 
4460 0.000055 
4470 0.000051 
4480 0.000051 
4490 0.000055 
4500 0.000057 
4510 0.000052 
4520 0.000050 
4530 0.000056 
4540 0.000057 
4550 0.000050 
4560 0.000049 
4570 0.000054 
4580 0.000053 
4590 0.000050 
4600 0.000053 
4610 0.000055 
4620 0.000053 
4630 0.000049 
4640 0.000054 
4650 0.000057 
4660 0.000050 
4670 0.000050 
4680 0.000053 
4690 0.000053 
4700 0.000132 
4710 0.000122 
4720 0.000123 
4730 0.000120 
4740 0.000120 
4750 0.000126 
4760 0.000055 
4770 0.000050 
4780 0.000051 
4790 0.000051 
4800 0.000048 
4810 0.000047 
4820 0.000053 
4830 0.000055 
4840 0.000050 
4850 0.000045 
4860 0.000052 
4870 0.000111 
4880 0.000048 
4890 0.000049 
4900 0.000050 
4910 0.000047 
4920 0.000048 
4930 0.000052 
4940 0.000055 
4950 0.000049 
4960 0.000041 
4970 0.000051 
4980 0.000051 
4990 0.000050 
5000 0.000049 
5010 0.000049 
5020 0.000047 
5030 0.000047 
5040 0.000049 
5050 0.000052 
5060 0.000046 
5070 0.000043 
5080 0.000050 
5090 0.000048 
5100 0.000049 
5110 0.000046 
5120 0.000049 
5130 0.000047 
5140 0.000111 
5150 0.000048 
5160 0.000052 
5170 0.000047 
5180 0.000043 
5190 0.000049 
5200 0.000048 
5210 0.000048 
5220 0.000046 
5230 0.000045 
5240 0.000045 
5250 0.000043 
5260 0.000047 
5270 0.000051 
5280 0.000043 
5290 0.000042 
5300 0.000048 
5310 0.000043 
5320 0.000043 
5330 0.000046 
5340 0.000046 
5350 0.000077 
5360 0.000047 
5370 0.000046 
5380 0.000050 
5390 0.000044 
5400 0.000040 
5410 0.000047 
5420 0.000043 
5430 0.000042 
5440 0.000045 
5450 0.000046 
5460 0.000044 
5470 0.000043 
5480 0.000045 
5490 0.000048 
5500 0.000043 
5510 0.000040 
5520 0.000043 
5530 0.000061 
5540 0.000055 
5550 0.000043 
5560 0.000044 
5570 0.000046 
5580 0.000040 
5590 0.000044 
5600 0.000045 
5610 0.000041 
5620 0.000040 
5630 0.000043 
5640 0.000099 
5650 0.000064 
5660 0.000100 
5670 0.000100 
5680 0.000100 
5690 0.000098 
5700 0.000099 
5710 0.000101 
5720 0.000055 
5730 0.000038 
5740 0.000042 
5750 0.000039 
5760 0.000039 
5770 0.000042 
5780 0.000043 
5790 0.000041 
5800 0.000038 
5810 0.000042 
5820 0.000045 
5830 0.000038 
5840 0.000054 
5850 0.000043 
5860 0.000041 
5870 0.000038 
5880 0.000039 
5890 0.000043 
5900 0.000041 
5910 0.000037 
5920 0.000041 
5930 0.000044 
5940 0.000039 
5950 0.000038 
5960 0.000040 
5970 0.000040 
5980 0.000038 
5990 0.000039 
6000 0.000041 
6010 0.000039 
6020 0.000035 
6030 0.000040 
6040 0.000042 
6050 0.000038 
6060 0.000037 
6070 0.000039 
6080 0.000036 
6090 0.000035 
6100 0.000086 
6110 0.000041 
6120 0.000037 
6130 0.000034 
6140 0.000038 
6150 0.000040 
6160 0.000036 
6170 0.000036 
6180 0.000038 
6190 0.000035 
6200 0.000036 
6210 0.000038 
6220 0.000040 
6230 0.000036 
6240 0.000031 
6250 0.000038 
6260 0.000039 
6270 0.000048 
6280 0.000036 
6290 0.000037 
6300 0.000035 
6310 0.000035 
6320 0.000036 
6330 0.000039 
6340 0.000034 
6350 0.000031 
6360 0.000082 
6370 0.000088 
6380 0.000086 
6390 0.000034 
6400 0.000035 
6410 0.000035 
6420 0.000032 
6430 0.000034 
6440 0.000037 
6450 0.000034 
6460 0.000030 
6470 0.000035 
6480 0.000034 
6490 0.000035 
6500 0.000033 
6510 0.000033 
6520 0.000032 
6530 0.000060 
6540 0.000034 
6550 0.000037 
6560 0.000031 
6570 0.000031 
6580 0.000034 
6590 0.000030 
6600 0.000031 
6610 0.000033 
6620 0.000034 
6630 0.000031 
6640 0.000033 
6650 0.000032 
6660 0.000078 
6670 0.000030 
6680 0.000028 
6690 0.000032 
6700 0.000030 
6710 0.000030 
6720 0.000031 
6730 0.000032 
6740 0.000031 
6750 0.000031 
6760 0.000031 
6770 0.000035 
6780 0.000030 
6790 0.000028 
6800 0.000030 
6810 0.000030 
6820 0.000028 
6830 0.000030 
6840 0.000031 
6850 0.000032 
6860 0.000028 
6870 0.000030 
6880 0.000039 
6890 0.000028 
6900 0.000026 
6910 0.000029 
6920 0.000027 
6930 0.000028 
6940 0.000028 
6950 0.000030 
6960 0.000029 
6970 0.000060 
6980 0.000030 
6990 0.000031 
7000 0.000026 
7010 0.000025 
7020 0.000028 
7030 0.000027 
7040 0.000027 
7050 0.000028 
7060 0.000029 
7070 0.000043 
7080 0.000026 
7090 0.000028 
7100 0.000030 
7110 0.000025 
7120 0.000024 
7130 0.000028 
7140 0.000028 
7150 0.000025 
7160 0.000028 
7170 0.000030 
7180 0.000027 
7190 0.000025 
7200 0.000028 
7210 0.000029 
7220 0.000026 
7230 0.000025 
7240 0.000026 
7250 0.000026 
7260 0.000025 
7270 0.000026 
7280 0.000027 
7290 0.000025 
7300 0.000023 
7310 0.000026 
7320 0.000028 
7330 0.000025 
7340 0.000025 
7350 0.000026 
7360 0.000052 
7370 0.000024 
7380 0.000053 
7390 0.000034 
7400 0.000037 
7410 0.000032 
7420 0.000034 
7430 0.000034 
7440 0.000032 
7450 0.000043 
7460 0.000025 
7470 0.000039 
7480 0.000048 
7490 0.000060 
7500 0.000069 
7510 0.000064 
7520 0.000066 
7530 0.000040 
7540 0.000026 
7550 0.000024 
7560 0.000046 
7570 0.000037 
7580 0.000057 
7590 0.000060 
7600 0.000061 
7610 0.000061 
7620 0.000056 
7630 0.000020 
7640 0.000022 
7650 0.000022 
7660 0.000021 
7670 0.000021 
7680 0.000022 
7690 0.000021 
7700 0.000021 
7710 0.000024 
7720 0.000024 
7730 0.000021 
7740 0.000019 
7750 0.000024 
7760 0.000023 
7770 0.000024 
7780 0.000022 
7790 0.000023 
7800 0.000021 
7810 0.000020 
7820 0.000021 
7830 0.000022 
7840 0.000020 
7850 0.000020 
7860 0.000021 
7870 0.000019 
7880 0.000020 
7890 0.000020 
7900 0.000022 
7910 0.000020 
7920 0.000056 
7930 0.000024 
7940 0.000023 
7950 0.000020 
7960 0.000049 
7970 0.000023 
7980 0.000018 
7990 0.000017 
8000 0.000018 
8010 0.000019 
8020 0.000017 
8030 0.000017 
8040 0.000018 
8050 0.000020 
8060 0.000016 
8070 0.000016 
8080 0.000017 
8090 0.000016 
8100 0.000016 
8110 0.000017 
8120 0.000017 
8130 0.000018 
8140 0.000015 
8150 0.000017 
8160 0.000019 
8170 0.000016 
8180 0.000015 
8190 0.000015 
8200 0.000015 
8210 0.000016 
8220 0.000016 
8230 0.000016 
8240 0.000016 
8250 0.000016 
8260 0.000030 
8270 0.000028 
8280 0.000015 
8290 0.000014 
8300 0.000016 
8310 0.000014 
8320 0.000014 
8330 0.000015 
8340 0.000017 
8350 0.000015 
8360 0.000013 
8370 0.000015 
8380 0.000017 
8390 0.000030 
8400 0.000013 
8410 0.000014 
8420 0.000014 
8430 0.000013 
8440 0.000014 
8450 0.000022 
8460 0.000037 
8470 0.000023 
8480 0.000045 
8490 0.000039 
8500 0.000036 
8510 0.000035 
8520 0.000035 
8530 0.000034 
8540 0.000034 
8550 0.000035 
8560 0.000035 
8570 0.000034 
8580 0.000065 
8590 0.000034 
8600 0.000036 
8610 0.000034 
8620 0.000033 
8630 0.000033 
8640 0.000033 
8650 0.000033 
8660 0.000033 
8670 0.000033 
8680 0.000032 
8690 0.000032 
8700 0.000032 
8710 0.000013 
8720 0.000011 
8730 0.000011 
8740 0.000011 
8750 0.000011 
8760 0.000011 
8770 0.000012 
8780 0.000013 
8790 0.000011 
8800 0.000010 
8810 0.000011 
8820 0.000012 
8830 0.000010 
8840 0.000010 
8850 0.000011 
8860 0.000010 
8870 0.000010 
8880 0.000010 
8890 0.000012 
8900 0.000010 
8910 0.000009 
8920 0.000010 
8930 0.000011 
8940 0.000010 
8950 0.000009 
8960 0.000010 
8970 0.000010 
8980 0.000010 
8990 0.000014 
9000 0.000014 
9010 0.000015 
9020 0.000023 
9030 0.000010 
9040 0.000009 
9050 0.000008 
9060 0.000009 
9070 0.000009 
9080 0.000008 
9090 0.000022 
9100 0.000027 
9110 0.000012 
9120 0.000022 
9130 0.000008 
9140 0.000009 
9150 0.000007 
9160 0.000008 
9170 0.000020 
9180 0.000021 
9190 0.000008 
9200 0.000008 
9210 0.000007 
9220 0.000009 
9230 0.000008 
9240 0.000007 
9250 0.000007 
9260 0.000007 
9270 0.000007 
9280 0.000008 
9290 0.000008 
9300 0.000015 
9310 0.000010 
9320 0.000006 
9330 0.000008 
9340 0.000007 
9350 0.000006 
9360 0.000007 
9370 0.000006 
9380 0.000006 
9390 0.000006 
9400 0.000006 
9410 0.000007 
9420 0.000006 
9430 0.000006 
9440 0.000007 
9450 0.000006 
9460 0.000005 
9470 0.000006 
9480 0.000009 
9490 0.000008 
9500 0.000007 
9510 0.000008 
9520 0.000007 
9530 0.000007 
9540 0.000006 
9550 0.000006 
9560 0.000012 
9570 0.000004 
9580 0.000005 
9590 0.000004 
9600 0.000007 
9610 0.000004 
9620 0.000006 
9630 0.000005 
9640 0.000004 
9650 0.000004 
9660 0.000004 
9670 0.000005 
9680 0.000003 
9690 0.000004 
9700 0.000003 
9710 0.000004 
9720 0.000003 
9730 0.000004 
9740 0.000004 
9750 0.000004 
9760 0.000003 
9770 0.000003 
9780 0.000004 
9790 0.000003 
9800 0.000003 
9810 0.000003 
9820 0.000003 
9830 0.000002 
9840 0.000003 
9850 0.000002 
9860 0.000005 
9870 0.000002 
9880 0.000002 
9890 0.000002 
9900 0.000002 
9910 0.000002 
9920 0.000002 
9930 0.000002 
9940 0.000002 
9950 0.000001 
9960 0.000002 
9970 0.000001 
9980 0.000001 
9990 0.000001 
