0 0.000706 0.000585 0.000501 0.000528 
10 0.000543 0.000613 0.000786 0.001000 
20 0.000134 0.000134 0.000123 0.000076 
30 0.000105 0.000060 0.000037 0.000056 
40 0.000099 0.000064 0.000037 0.000052 
50 0.000351 0.000385 0.000669 0.000811 
60 0.000915 0.000474 0.000356 0.000553 
70 0.001127 0.000489 0.000643 0.000436 
80 0.000468 0.000692 0.000227 0.000274 
90 0.000188 0.000153 0.000499 0.000436 
100 0.000067 0.000086 0.000071 0.000158 
110 0.000432 0.000350 0.000125 0.000236 
120 0.000163 0.000158 0.000610 0.000495 
130 0.000212 0.000231 0.000388 0.000337 
140 0.000827 0.000663 0.000971 0.000740 
150 0.000580 0.001018 0.001047 0.000761 
160 0.000521 0.000492 0.000350 0.000450 
170 0.000853 0.000943 0.000958 0.000924 
180 0.000139 0.000198 0.000213 0.000319 
190 0.000182 0.000153 0.000146 0.000165 
200 0.000153 0.000079 0.000087 0.000079 
210 0.000541 0.000529 0.000673 0.000694 
220 0.000068 0.000121 0.000118 0.000114 
230 0.000198 0.000255 0.000174 0.000206 
240 0.000560 0.000486 0.000414 0.000653 
250 0.000702 0.000888 0.000646 0.000955 
260 0.000594 0.000597 0.000850 0.000818 
270 0.000610 0.000932 0.000845 0.000710 
280 0.000406 0.000599 0.000747 0.000506 
290 0.000084 0.000064 0.000045 0.000060 
300 0.000587 0.000311 0.000367 0.000859 
310 0.000463 0.000757 0.000705 0.001316 
320 0.000627 0.000461 0.000567 0.001018 
330 0.000196 0.000211 0.000297 0.000307 
340 0.000487 0.000496 0.000458 0.000614 
350 0.000648 0.000740 0.000427 0.000576 
360 0.000317 0.000238 0.000276 0.000324 
370 0.000560 0.000781 0.000954 0.001093 
380 0.000411 0.000378 0.000380 0.000521 
390 0.001231 0.000558 0.000820 0.000636 
400 0.000664 0.000648 0.000802 0.001121 
410 0.000155 0.000176 0.000187 0.000161 
420 0.000869 0.000793 0.001205 0.000683 
430 0.000261 0.000256 0.000179 0.000264 
440 0.000937 0.000659 0.000759 0.000829 
450 0.000561 0.000680 0.000728 0.001074 
460 0.000512 0.000526 0.000943 0.000555 
470 0.000187 0.000183 0.000136 0.000267 
480 0.000855 0.000743 0.000934 0.001123 
490 0.000770 0.001116 0.001156 0.000965 
500 0.000691 0.000904 0.000855 0.000582 
510 0.000628 0.000762 0.000526 0.000619 
520 0.000116 0.000037 0.000044 0.000049 
530 0.000178 0.000205 0.000135 0.000220 
540 0.000399 0.000612 0.000590 0.000507 
550 0.000361 0.000360 0.000369 0.000188 
560 0.000269 0.000245 0.000436 0.000150 
570 0.000164 0.000392 0.000221 0.000496 
580 0.000508 0.000334 0.000238 0.000845 
590 0.000097 0.000055 0.000046 0.000107 
600 0.000571 0.000735 0.000673 0.000695 
610 0.000219 0.000618 0.000292 0.000289 
620 0.000710 0.000956 0.000320 0.000769 
630 0.000127 0.000228 0.000074 0.000083 
640 0.000385 0.000164 0.000182 0.000245 
650 0.000112 0.000065 0.000063 0.000094 
660 0.000198 0.000129 0.000128 0.000213 
670 0.000032 0.000012 0.000016 0.000011 
680 0.000113 0.000095 0.000100 0.000114 
690 0.000171 0.000201 0.000198 0.000257 
700 0.000245 0.000993 0.000243 0.000299 
710 0.000090 0.000127 0.000095 0.000236 
720 0.000237 0.000313 0.000234 0.000278 
730 0.000065 0.000068 0.000065 0.000078 
740 0.000089 0.000148 0.000092 0.000106 
750 0.000085 0.000138 0.000095 0.000112 
760 0.000368 0.000260 0.000184 0.000194 
770 0.000046 0.000097 0.000046 0.000054 
780 0.000184 0.000267 0.000216 0.000291 
790 0.000183 0.000300 0.000214 0.000296 
800 0.000346 0.000382 0.000214 0.000333 
810 0.000299 0.000274 0.000152 0.000193 
820 0.000476 0.000349 0.000640 0.000948 
830 0.000604 0.001166 0.000547 0.000364 
840 0.000183 0.000098 0.000054 0.000148 
850 0.000051 0.000056 0.000030 0.000028 
860 0.000171 0.000082 0.000148 0.000073 
870 0.000090 0.000053 0.000033 0.000033 
880 0.000149 0.000236 0.000568 0.000354 
890 0.000162 0.000079 0.000178 0.000108 
900 0.000022 0.000066 0.000073 0.000035 
910 0.000164 0.000184 0.000328 0.000224 
920 0.000047 0.000050 0.000149 0.000082 
930 0.000165 0.000179 0.000294 0.000208 
940 0.000026 0.000004 0.000007 0.000005 
950 0.000388 0.000154 0.000240 0.000258 
960 0.000042 0.000050 0.000064 0.000107 
970 0.000185 0.000199 0.000409 0.000258 
980 0.000150 0.000147 0.000256 0.000209 
990 0.000130 0.000263 0.000199 0.000176 
1000 0.000189 0.000200 0.000368 0.000258 
1010 0.000021 0.000008 0.000017 0.000014 
1020 0.000144 0.000127 0.000243 0.000401 
1030 0.000096 0.000052 0.000094 0.000064 
1040 0.000164 0.000183 0.000451 0.000678 
1050 0.000065 0.000087 0.000069 0.000091 
1060 0.000069 0.000102 0.000070 0.000092 
1070 0.000083 0.000080 0.000109 0.000102 
1080 0.000190 0.000192 0.000285 0.000622 
1090 0.000101 0.000073 0.000174 0.000093 
1100 0.000056 0.000161 0.000048 0.000144 
1110 0.000107 0.000140 0.000087 0.000099 
1120 0.000298 0.000257 0.000232 0.000649 
1130 0.000108 0.000244 0.000260 0.000153 
1140 0.000143 0.000304 0.000107 0.000194 
1150 0.000264 0.000403 0.000122 0.000144 
1160 0.000172 0.000272 0.000236 0.000208 
1170 0.000178 0.000541 0.000492 0.000258 
1180 0.000277 0.000109 0.000112 0.000205 
1190 0.000292 0.000206 0.000638 0.000344 
1200 0.000425 0.000267 0.000158 0.000234 
1210 0.000070 0.000161 0.000059 0.000099 
1220 0.000465 0.000236 0.000270 0.000468 
1230 0.000270 0.000352 0.000417 0.000397 
1240 0.000208 0.000191 0.000403 0.000291 
1250 0.000100 0.000065 0.000064 0.000187 
1260 0.000064 0.000078 0.000071 0.000117 
1270 0.000212 0.000241 0.000262 0.000387 
1280 0.000041 0.000041 0.000056 0.000056 
1290 0.000223 0.000254 0.000265 0.000809 
1300 0.000051 0.000039 0.000046 0.000077 
1310 0.000226 0.000649 0.000381 0.000618 
1320 0.000244 0.000273 0.000229 0.000491 
1330 0.000042 0.000034 0.000038 0.000064 
1340 0.000127 0.000052 0.000047 0.000110 
1350 0.000126 0.000149 0.000142 0.000251 
1360 0.000072 0.000154 0.000052 0.000107 
1370 0.000045 0.000031 0.000038 0.000058 
1380 0.000044 0.000065 0.000041 0.000068 
1390 0.000046 0.000032 0.000035 0.000128 
1400 0.000040 0.000015 0.000005 0.000006 
1410 0.000483 0.000167 0.000229 0.000208 
1420 0.000557 0.000241 0.000604 0.000489 
1430 0.000506 0.000337 0.000527 0.000453 
1440 0.000459 0.000259 0.000577 0.000339 
1450 0.000207 0.000196 0.000175 0.000112 
1460 0.000285 0.000300 0.000259 0.000243 
1470 0.001063 0.000868 0.000621 0.000686 
1480 0.000411 0.000666 0.000335 0.000441 
1490 0.001316 0.000650 0.000988 0.001094 
1500 0.000992 0.000815 0.000497 0.000832 
1510 0.000754 0.001544 0.000658 0.001056 
1520 0.000872 0.000300 0.000365 0.000512 
1530 0.000578 0.000729 0.000451 0.000676 
1540 0.000762 0.000585 0.000619 0.000527 
1550 0.000267 0.000268 0.000182 0.000241 
1560 0.000443 0.000481 0.000460 0.000346 
1570 0.000309 0.000381 0.000358 0.000374 
1580 0.000139 0.000141 0.000111 0.000234 
1590 0.000554 0.000387 0.000490 0.000622 
1600 0.000333 0.000416 0.000401 0.000460 
1610 0.000374 0.000262 0.000381 0.000442 
1620 0.000380 0.000476 0.000621 0.000533 
1630 0.000907 0.001085 0.000797 0.000852 
1640 0.000094 0.000043 0.000036 0.000036 
1650 0.000451 0.000313 0.000318 0.000388 
1660 0.000023 0.000010 0.000009 0.000016 
1670 0.000024 0.000021 0.000019 0.000036 
1680 0.000223 0.000234 0.000296 0.000292 
1690 0.000048 0.000033 0.000035 0.000057 
1700 0.000176 0.000136 0.000132 0.000192 
1710 0.000126 0.000145 0.000518 0.000178 
1720 0.000083 0.000079 0.000092 0.000147 
1730 0.000147 0.000148 0.000161 0.000263 
1740 0.000145 0.000169 0.000164 0.000221 
1750 0.000218 0.000238 0.000244 0.000434 
1760 0.000161 0.000151 0.000153 0.000538 
1770 0.000161 0.000162 0.000234 0.000153 
1780 0.000156 0.000165 0.000282 0.000207 
1790 0.000209 0.000224 0.000334 0.000300 
1800 0.000134 0.000138 0.000200 0.000173 
1810 0.000092 0.000082 0.000104 0.000105 
1820 0.000190 0.000191 0.000238 0.000251 
1830 0.000061 0.000096 0.000068 0.000082 
1840 0.000210 0.000309 0.000231 0.000275 
1850 0.000070 0.000182 0.000052 0.000098 
1860 0.000143 0.000227 0.000190 0.000178 
1870 0.000018 0.000046 0.000026 0.000035 
1880 0.000200 0.000289 0.000201 0.000245 
1890 0.000209 0.000441 0.000236 0.000286 
1900 0.000247 0.000197 0.000220 0.000271 
1910 0.000166 0.000226 0.000196 0.000278 
1920 0.000188 0.000218 0.000261 0.000267 
1930 0.000099 0.000053 0.000052 0.000062 
1940 0.000032 0.000006 0.000006 0.000007 
1950 0.000164 0.000076 0.000094 0.000159 
1960 0.000209 0.000225 0.000243 0.000416 
1970 0.000131 0.000141 0.000151 0.000292 
1980 0.000166 0.000182 0.000293 0.000294 
1990 0.000230 0.000244 0.000242 0.000491 
2000 0.000310 0.000127 0.000122 0.000198 
2010 0.000023 0.000021 0.000031 0.000023 
2020 0.000125 0.000147 0.000223 0.000163 
2030 0.000143 0.000135 0.000179 0.000157 
2040 0.000187 0.000214 0.000225 0.000604 
2050 0.000254 0.000247 0.000260 0.000289 
2060 0.000021 0.000015 0.000014 0.000014 
2070 0.000019 0.000022 0.000023 0.000028 
2080 0.000149 0.000150 0.000162 0.000200 
2090 0.000096 0.000105 0.000078 0.000119 
2100 0.000082 0.000154 0.000090 0.000119 
2110 0.000188 0.000302 0.000209 0.000302 
2120 0.000222 0.000444 0.000133 0.000164 
2130 0.000165 0.000039 0.000042 0.000084 
2140 0.000292 0.000108 0.000099 0.000177 
2150 0.000149 0.000131 0.000222 0.000198 
2160 0.000069 0.000056 0.000080 0.000079 
2170 0.000205 0.000216 0.000204 0.000238 
2180 0.000094 0.000106 0.000097 0.000112 
2190 0.000192 0.000232 0.000272 0.000249 
2200 0.000174 0.000201 0.000349 0.000228 
2210 0.000172 0.000174 0.000265 0.000228 
2220 0.000041 0.000027 0.000030 0.000043 
2230 0.000125 0.000120 0.000127 0.000160 
2240 0.000125 0.000296 0.000167 0.000164 
2250 0.000124 0.000198 0.000209 0.000175 
2260 0.000073 0.000066 0.000080 0.000081 
2270 0.000130 0.000190 0.000141 0.000237 
2280 0.000125 0.000133 0.000225 0.000152 
2290 0.000212 0.000233 0.000327 0.000278 
2300 0.000061 0.000065 0.000075 0.000083 
2310 0.000139 0.000136 0.000256 0.000173 
2320 0.000044 0.000035 0.000052 0.000055 
2330 0.000219 0.000222 0.000318 0.000301 
2340 0.000041 0.000043 0.000059 0.000055 
2350 0.000401 0.000218 0.000308 0.000272 
2360 0.000169 0.000235 0.000158 0.000189 
2370 0.000190 0.000277 0.000220 0.000263 
2380 0.000039 0.000063 0.000037 0.000045 
2390 0.000115 0.000232 0.000140 0.000160 
2400 0.000211 0.000365 0.000237 0.000285 
2410 0.000267 0.000174 0.000189 0.000220 
2420 0.000251 0.000174 0.000206 0.000234 
2430 0.000100 0.000067 0.000084 0.000085 
2440 0.000350 0.000164 0.000182 0.000190 
2450 0.000076 0.000053 0.000056 0.000060 
2460 0.000182 0.000099 0.000104 0.000126 
2470 0.000028 0.000018 0.000019 0.000024 
2480 0.000198 0.000155 0.000160 0.000180 
2490 0.000137 0.000131 0.000129 0.000147 
2500 0.000243 0.000179 0.000185 0.000210 
2510 0.000020 0.000015 0.000012 0.000013 
2520 0.000177 0.000193 0.000227 0.000228 
2530 0.000151 0.000114 0.000125 0.000282 
2540 0.000143 0.000148 0.000162 0.000252 
2550 0.000184 0.000193 0.000199 0.000233 
2560 0.000026 0.000025 0.000034 0.000032 
2570 0.000082 0.000047 0.000053 0.000061 
2580 0.000233 0.000162 0.000193 0.000202 
2590 0.000262 0.000230 0.000230 0.000348 
2600 0.000102 0.000120 0.000116 0.000191 
2610 0.000129 0.000154 0.000235 0.000183 
2620 0.000205 0.000195 0.000351 0.000240 
2630 0.000333 0.000217 0.000278 0.000271 
2640 0.000071 0.000112 0.000057 0.000080 
2650 0.000059 0.000089 0.000080 0.000082 
2660 0.000145 0.000151 0.000177 0.000209 
2670 0.000215 0.000239 0.000238 0.000296 
2680 0.000202 0.000123 0.000128 0.000170 
2690 0.000138 0.000074 0.000085 0.000096 
2700 0.000032 0.000010 0.000011 0.000015 
2710 0.000060 0.000075 0.000066 0.000083 
2720 0.000178 0.000380 0.000184 0.000224 
2730 0.000016 0.000013 0.000013 0.000011 
2740 0.000103 0.000140 0.000106 0.000126 
2750 0.000016 0.000041 0.000019 0.000025 
2760 0.000132 0.000133 0.000137 0.000169 
2770 0.000125 0.000194 0.000146 0.000191 
2780 0.000024 0.000014 0.000015 0.000019 
2790 0.000285 0.000181 0.000186 0.000226 
2800 0.000121 0.000094 0.000096 0.000124 
2810 0.000328 0.000244 0.000275 0.000324 
2820 0.000141 0.000129 0.000223 0.000151 
2830 0.000264 0.000184 0.000217 0.000234 
2840 0.000549 0.000236 0.000220 0.000240 
2850 0.000344 0.000217 0.000244 0.000655 
2860 0.000063 0.000053 0.000055 0.000067 
2870 0.000027 0.000022 0.000026 0.000032 
2880 0.000304 0.000196 0.000217 0.000255 
2890 0.000295 0.000381 0.000292 0.000266 
2900 0.000160 0.000147 0.000126 0.000148 
2910 0.000052 0.000047 0.000043 0.000071 
2920 0.000169 0.000142 0.000126 0.000213 
2930 0.000064 0.000056 0.000081 0.000105 
2940 0.000191 0.000221 0.000310 0.000249 
2950 0.000178 0.000188 0.000241 0.000237 
2960 0.000124 0.000127 0.000195 0.000184 
2970 0.000211 0.000231 0.000801 0.000299 
2980 0.000097 0.000091 0.000170 0.000146 
2990 0.000066 0.000112 0.000071 0.000091 
3000 0.000181 0.000188 0.000199 0.000376 
3010 0.000062 0.000117 0.000073 0.000084 
3020 0.000227 0.000301 0.000240 0.000291 
3030 0.000047 0.000067 0.000135 0.000044 
3040 0.000054 0.000064 0.000036 0.000041 
3050 0.000018 0.000036 0.000015 0.000017 
3060 0.000220 0.000379 0.000252 0.000298 
3070 0.000149 0.000219 0.000189 0.000203 
3080 0.000038 0.000049 0.000062 0.000074 
3090 0.000102 0.000119 0.000114 0.000218 
3100 0.000193 0.000294 0.000220 0.000312 
3110 0.000312 0.000217 0.000230 0.000319 
3120 0.000025 0.000006 0.000005 0.000006 
3130 0.000308 0.000222 0.000233 0.000264 
3140 0.000276 0.000161 0.000169 0.000284 
3150 0.000149 0.000081 0.000080 0.000140 
3160 0.000121 0.000113 0.000180 0.000149 
3170 0.000149 0.000609 0.000425 0.000235 
3180 0.000226 0.000107 0.000112 0.000135 
3190 0.000200 0.000077 0.000082 0.000097 
3200 0.000031 0.000008 0.000010 0.000011 
3210 0.000289 0.000211 0.000220 0.000321 
3220 0.000348 0.000739 0.000865 0.000294 
3230 0.000017 0.000018 0.000030 0.000018 
3240 0.000109 0.000106 0.000136 0.000123 
3250 0.000104 0.000111 0.000186 0.000137 
3260 0.000147 0.000183 0.000245 0.000316 
3270 0.000189 0.000194 0.000337 0.000244 
3280 0.000095 0.000094 0.000099 0.000110 
3290 0.000216 0.000361 0.000303 0.000346 
3300 0.000196 0.000255 0.000238 0.000261 
3310 0.000083 0.000135 0.000086 0.000112 
3320 0.000082 0.000135 0.000097 0.000174 
3330 0.000294 0.000220 0.000202 0.000236 
3340 0.000196 0.000131 0.000140 0.000192 
3350 0.000129 0.000096 0.000101 0.000126 
3360 0.000331 0.000243 0.000269 0.000317 
3370 0.000162 0.000253 0.000171 0.000193 
3380 0.000015 0.000032 0.000023 0.000025 
3390 0.000181 0.000295 0.000216 0.000229 
3400 0.000121 0.000148 0.000116 0.000141 
3410 0.000065 0.000107 0.000064 0.000086 
3420 0.000082 0.000232 0.000107 0.000095 
3430 0.000184 0.000349 0.000216 0.000236 
3440 0.000154 0.000228 0.000152 0.000181 
3450 0.000169 0.000267 0.000184 0.000228 
3460 0.000192 0.000251 0.000272 0.000276 
3470 0.000180 0.000200 0.000172 0.000204 
3480 0.000081 0.000075 0.000089 0.000094 
3490 0.000060 0.000028 0.000034 0.000040 
3500 0.000079 0.000030 0.000038 0.000046 
3510 0.000038 0.000036 0.000039 0.000049 
3520 0.000243 0.000190 0.000197 0.000240 
3530 0.000192 0.000143 0.000141 0.000168 
3540 0.000321 0.000287 0.000209 0.000250 
3550 0.000092 0.000070 0.000079 0.000089 
3560 0.000239 0.000148 0.000161 0.000290 
3570 0.000111 0.000112 0.000123 0.000185 
3580 0.000038 0.000043 0.000036 0.000041 
3590 0.000192 0.000192 0.000205 0.000459 
3600 0.000087 0.000088 0.000106 0.000168 
3610 0.000105 0.000110 0.000117 0.000167 
3620 0.000382 0.000234 0.000428 0.000271 
3630 0.000200 0.000217 0.000347 0.000242 
3640 0.000217 0.000246 0.000210 0.000244 
3650 0.000220 0.000310 0.000243 0.000309 
3660 0.000084 0.000156 0.000096 0.000113 
3670 0.000163 0.000174 0.000165 0.000211 
3680 0.000248 0.000139 0.000155 0.000180 
3690 0.000248 0.000165 0.000193 0.000199 
3700 0.000280 0.000186 0.000187 0.000340 
3710 0.000246 0.000219 0.000231 0.000385 
3720 0.000175 0.000189 0.000189 0.000323 
3730 0.000083 0.000101 0.000102 0.000161 
3740 0.000040 0.000053 0.000055 0.000082 
3750 0.000090 0.000108 0.000089 0.000151 
3760 0.000016 0.000021 0.000023 0.000048 
3770 0.000174 0.000183 0.000256 0.000269 
3780 0.000177 0.000183 0.000276 0.000265 
3790 0.000122 0.000141 0.000180 0.000168 
3800 0.000064 0.000072 0.000121 0.000097 
3810 0.000187 0.000515 0.000182 0.000692 
3820 0.000031 0.000113 0.000036 0.000041 
3830 0.000024 0.000016 0.000018 0.000020 
3840 0.000395 0.000221 0.000236 0.000275 
3850 0.000089 0.000084 0.000075 0.000104 
3860 0.000168 0.000112 0.000117 0.000136 
3870 0.000234 0.000173 0.000176 0.000199 
3880 0.000149 0.000179 0.000160 0.000324 
3890 0.000173 0.000203 0.000265 0.000223 
3900 0.000013 0.000014 0.000035 0.000025 
3910 0.000060 0.000064 0.000090 0.000078 
3920 0.000195 0.000579 0.000223 0.000273 
3930 0.000059 0.000076 0.000119 0.000109 
3940 0.000131 0.000120 0.000173 0.000403 
3950 0.000015 0.000003 0.000005 0.000005 
3960 0.000136 0.000135 0.000135 0.000167 
3970 0.000123 0.000101 0.000094 0.000128 
3980 0.000247 0.000192 0.000206 0.000261 
3990 0.000242 0.000237 0.000264 0.000299 
4000 0.000118 0.000136 0.000055 0.000108 
4010 0.000352 0.000207 0.000208 0.000400 
4020 0.000038 0.000029 0.000061 0.000036 
4030 0.000161 0.000155 0.000216 0.000215 
4040 0.000058 0.000057 0.000099 0.000072 
4050 0.000121 0.000121 0.000112 0.000119 
4060 0.000159 0.000208 0.000137 0.000165 
4070 0.000124 0.000157 0.000125 0.000224 
4080 0.000114 0.000175 0.000125 0.000161 
4090 0.000132 0.000175 0.000169 0.000180 
4100 0.000091 0.000089 0.000108 0.000084 
4110 0.000298 0.000229 0.000252 0.000272 
4120 0.000202 0.000136 0.000165 0.000169 
4130 0.000055 0.000048 0.000095 0.000074 
4140 0.000120 0.000062 0.000068 0.000071 
4150 0.000018 0.000013 0.000014 0.000017 
4160 0.000168 0.000080 0.000091 0.000094 
4170 0.000350 0.000197 0.000207 0.000246 
4180 0.000153 0.000095 0.000109 0.000118 
4190 0.000162 0.000125 0.000129 0.000260 
4200 0.000267 0.000202 0.000204 0.000314 
4210 0.000111 0.000115 0.000134 0.000134 
4220 0.000171 0.000182 0.000186 0.000218 
4230 0.000114 0.000085 0.000093 0.000115 
4240 0.000090 0.000084 0.000095 0.000112 
4250 0.000216 0.000215 0.000217 0.000366 
4260 0.000226 0.000243 0.000333 0.000364 
4270 0.000144 0.000137 0.000215 0.000278 
4280 0.000085 0.000190 0.000114 0.000119 
4290 0.000038 0.000050 0.000029 0.000033 
4300 0.000015 0.000031 0.000022 0.000025 
4310 0.000217 0.000235 0.000205 0.000265 
4320 0.000223 0.000101 0.000129 0.000124 
4330 0.000322 0.000227 0.000243 0.000269 
4340 0.000152 0.000113 0.000119 0.000199 
4350 0.000017 0.000023 0.000014 0.000028 
4360 0.000138 0.000122 0.000142 0.000155 
4370 0.000037 0.000070 0.000048 0.000061 
4380 0.000014 0.000013 0.000031 0.000028 
4390 0.000232 0.000253 0.000425 0.000291 
4400 0.000132 0.000147 0.000298 0.000178 
4410 0.000126 0.000140 0.000205 0.000201 
4420 0.000132 0.000139 0.000234 0.000196 
4430 0.000162 0.000246 0.000151 0.000197 
4440 0.000221 0.000351 0.000324 0.000282 
4450 0.000258 0.000311 0.000233 0.000294 
4460 0.000067 0.000109 0.000068 0.000068 
4470 0.000039 0.000085 0.000053 0.000059 
4480 0.000036 0.000088 0.000039 0.000045 
4490 0.000198 0.000315 0.000209 0.000252 
4500 0.000262 0.000350 0.000259 0.000287 
4510 0.000104 0.000161 0.000139 0.000148 
4520 0.000128 0.000208 0.000150 0.000204 
4530 0.000216 0.000348 0.000254 0.000385 
4540 0.000101 0.000215 0.000111 0.000139 
4550 0.000066 0.000083 0.000066 0.000068 
4560 0.000100 0.000104 0.000085 0.000103 
4570 0.000153 0.000260 0.000168 0.000203 
4580 0.000036 0.000066 0.000062 0.000065 
4590 0.000194 0.000292 0.000505 0.000285 
4600 0.000136 0.000146 0.000188 0.000186 
4610 0.000073 0.000048 0.000063 0.000063 
4620 0.000016 0.000012 0.000009 0.000019 
4630 0.000127 0.000154 0.000158 0.000251 
4640 0.000102 0.000120 0.000123 0.000160 
4650 0.000138 0.000128 0.000146 0.000160 
4660 0.000384 0.000232 0.000851 0.000741 
4670 0.000060 0.000071 0.000110 0.000089 
4680 0.000199 0.000069 0.000112 0.000080 
4690 0.000139 0.000145 0.000200 0.000173 
4700 0.000253 0.000321 0.000258 0.000302 
4710 0.000175 0.000181 0.000166 0.000191 
4720 0.000083 0.000162 0.000098 0.000117 
4730 0.000100 0.000081 0.000079 0.000082 
4740 0.000037 0.000064 0.000041 0.000047 
4750 0.000125 0.000201 0.000192 0.000197 
4760 0.000117 0.000092 0.000104 0.000114 
4770 0.000018 0.000008 0.000013 0.000040 
4780 0.000271 0.000241 0.000298 0.000497 
4790 0.000036 0.000036 0.000051 0.000039 
4800 0.000060 0.000066 0.000063 0.000091 
4810 0.000083 0.000080 0.000133 0.000130 
4820 0.000090 0.000065 0.000108 0.000079 
4830 0.000112 0.000124 0.000188 0.000151 
4840 0.000085 0.000166 0.000106 0.000114 
4850 0.000047 0.000121 0.000086 0.000114 
4860 0.000015 0.000019 0.000020 0.000020 
4870 0.000282 0.000180 0.000188 0.000217 
4880 0.000154 0.000143 0.000147 0.000305 
4890 0.000096 0.000090 0.000102 0.000162 
4900 0.000216 0.000223 0.000231 0.000558 
4910 0.000246 0.000271 0.000404 0.000321 
4920 0.000099 0.000102 0.000323 0.000115 
4930 0.000101 0.000117 0.000170 0.000129 
4940 0.000194 0.000331 0.000382 0.000302 
4950 0.000210 0.000165 0.000242 0.000220 
4960 0.000169 0.000166 0.000161 0.000101 
4970 0.000011 0.000033 0.000021 0.000027 
4980 0.000083 0.000100 0.000145 0.000126 
4990 0.000103 0.000165 0.000118 0.000142 
5000 0.000277 0.000193 0.000203 0.000291 
5010 0.000082 0.000138 0.000096 0.000121 
5020 0.000165 0.000183 0.000132 0.000168 
5030 0.000093 0.000138 0.000105 0.000125 
5040 0.000082 0.000104 0.000113 0.000123 
5050 0.000036 0.000119 0.000054 0.000069 
5060 0.000081 0.000119 0.000116 0.000110 
5070 0.000332 0.000251 0.000316 0.000468 
5080 0.000013 0.000011 0.000011 0.000023 
5090 0.000160 0.000170 0.000255 0.000204 
5100 0.000228 0.000247 0.000276 0.000405 
5110 0.000062 0.000067 0.000108 0.000102 
5120 0.000226 0.000250 0.000247 0.000390 
5130 0.000193 0.000243 0.000387 0.000269 
5140 0.000159 0.000195 0.000240 0.000222 
5150 0.000192 0.000180 0.000272 0.000223 
5160 0.000059 0.000067 0.000114 0.000086 
5170 0.000171 0.000208 0.000387 0.000243 
5180 0.000103 0.000145 0.000182 0.000146 
5190 0.000206 0.000193 0.000315 0.000256 
5200 0.000212 0.000215 0.000238 0.000274 
5210 0.000219 0.000342 0.000282 0.000300 
5220 0.000036 0.000051 0.000046 0.000046 
5230 0.000318 0.000241 0.000294 0.000328 
5240 0.000313 0.000284 0.000331 0.000452 
5250 0.000090 0.000078 0.000098 0.000139 
5260 0.000106 0.000130 0.000131 0.000194 
5270 0.000084 0.000109 0.000110 0.000244 
5280 0.000063 0.000065 0.000113 0.000079 
5290 0.000201 0.000217 0.000299 0.000434 
5300 0.000064 0.000106 0.000065 0.000084 
5310 0.000152 0.000258 0.000181 0.000276 
5320 0.000624 0.000205 0.000216 0.000445 
5330 0.000228 0.000231 0.000249 0.000461 
5340 0.000133 0.000137 0.000147 0.000318 
5350 0.000097 0.000055 0.000058 0.000130 
5360 0.000080 0.000097 0.000104 0.000286 
5370 0.000262 0.000243 0.000247 0.000396 
5380 0.000228 0.000192 0.000195 0.000248 
5390 0.000048 0.000057 0.000086 0.000065 
5400 0.000153 0.000208 0.000162 0.000178 
5410 0.000013 0.000023 0.000018 0.000021 
5420 0.000115 0.000170 0.000114 0.000168 
5430 0.000036 0.000062 0.000038 0.000038 
5440 0.000124 0.000213 0.000152 0.000181 
5450 0.000124 0.000228 0.000165 0.000189 
5460 0.000378 0.000229 0.000286 0.000291 
5470 0.000132 0.000090 0.000099 0.000145 
5480 0.000124 0.000076 0.000088 0.000122 
5490 0.000337 0.000208 0.000235 0.000277 
5500 0.000242 0.000241 0.000264 0.000300 
5510 0.000021 0.000007 0.000010 0.000011 
5520 0.000262 0.000162 0.000178 0.000196 
5530 0.000152 0.000084 0.000100 0.000105 
5540 0.000172 0.000426 0.000151 0.000236 
5550 0.000106 0.000111 0.000090 0.000111 
5560 0.000045 0.000084 0.000053 0.000057 
5570 0.000107 0.000235 0.000113 0.000138 
5580 0.000012 0.000006 0.000009 0.000006 
5590 0.000221 0.000383 0.000221 0.000735 
5600 0.000119 0.000153 0.000127 0.000142 
5610 0.000279 0.000212 0.000188 0.000238 
5620 0.000150 0.000085 0.000102 0.000102 
5630 0.000171 0.000126 0.000168 0.000252 
5640 0.000066 0.000058 0.000119 0.000067 
5650 0.000034 0.000043 0.000090 0.000056 
5660 0.000130 0.000143 0.000254 0.000200 
5670 0.000101 0.000120 0.000196 0.000183 
5680 0.000095 0.000197 0.000114 0.000150 
5690 0.000125 0.000197 0.000185 0.000190 
5700 0.000196 0.000245 0.000193 0.000316 
5710 0.000036 0.000031 0.000047 0.000067 
5720 0.000217 0.000245 0.000288 0.000776 
5730 0.000059 0.000073 0.000102 0.000122 
5740 0.000035 0.000036 0.000034 0.000077 
5750 0.000151 0.000175 0.000189 0.000361 
5760 0.000039 0.000040 0.000044 0.000087 
5770 0.000245 0.000252 0.000261 0.000400 
5780 0.000082 0.000128 0.000180 0.000133 
5790 0.000195 0.000161 0.000279 0.000200 
5800 0.000208 0.000222 0.000240 0.000284 
5810 0.000173 0.000294 0.000195 0.000236 
5820 0.000083 0.000160 0.000092 0.000108 
5830 0.000155 0.000253 0.000209 0.000225 
5840 0.000216 0.000401 0.000282 0.000301 
5850 0.000070 0.000031 0.000039 0.000039 
5860 0.000054 0.000039 0.000056 0.000046 
5870 0.000286 0.000208 0.000217 0.000383 
5880 0.000163 0.000156 0.000172 0.000323 
5890 0.000196 0.000241 0.000227 0.000407 
5900 0.000116 0.000295 0.000234 0.000150 
5910 0.000040 0.000039 0.000068 0.000052 
5920 0.000314 0.000142 0.000221 0.000184 
5930 0.000125 0.000146 0.000208 0.000189 
5940 0.000067 0.000073 0.000091 0.000112 
5950 0.000265 0.000233 0.000259 0.000292 
5960 0.000128 0.000279 0.000152 0.000249 
5970 0.000068 0.000113 0.000068 0.000083 
5980 0.000035 0.000069 0.000033 0.000041 
5990 0.000059 0.000097 0.000089 0.000088 
6000 0.000109 0.000159 0.000132 0.000177 
6010 0.000058 0.000094 0.000070 0.000091 
6020 0.000010 0.000028 0.000021 0.000028 
6030 0.000206 0.000254 0.000243 0.000326 
6040 0.000196 0.000173 0.000148 0.000255 
6050 0.000035 0.000041 0.000043 0.000096 
6060 0.000298 0.000211 0.000223 0.000439 
6070 0.000174 0.000213 0.000211 0.000397 
6080 0.000092 0.000097 0.000100 0.000135 
6090 0.000012 0.000022 0.000029 0.000021 
6100 0.000225 0.000223 0.000312 0.000265 
6110 0.000081 0.000261 0.000154 0.000126 
6120 0.000062 0.000055 0.000092 0.000067 
6130 0.000096 0.000121 0.000132 0.000123 
6140 0.000178 0.000162 0.000243 0.000227 
6150 0.000083 0.000183 0.000105 0.000113 
6160 0.000010 0.000031 0.000043 0.000037 
6170 0.000177 0.000185 0.000225 0.000249 
6180 0.000201 0.000219 0.000306 0.000340 
6190 0.000110 0.000157 0.000122 0.000138 
6200 0.000130 0.000201 0.000148 0.000178 
6210 0.000287 0.000217 0.000225 0.000276 
6220 0.000337 0.000204 0.000205 0.000281 
6230 0.000064 0.000037 0.000038 0.000047 
6240 0.000310 0.000182 0.000197 0.000323 
6250 0.000082 0.000120 0.000094 0.000170 
6260 0.000075 0.000076 0.000075 0.000138 
6270 0.000256 0.000256 0.000236 0.000424 
6280 0.000080 0.000099 0.000118 0.000158 
6290 0.000198 0.000255 0.000364 0.000294 
6300 0.000033 0.000064 0.000080 0.000153 
6310 0.000220 0.000229 0.000431 0.000295 
6320 0.000079 0.000082 0.000164 0.000140 
6330 0.000125 0.000153 0.000250 0.000346 
6340 0.000155 0.000179 0.000191 0.000239 
6350 0.000093 0.000155 0.000180 0.000149 
6360 0.000125 0.000241 0.000162 0.000183 
6370 0.000010 0.000026 0.000033 0.000036 
6380 0.000342 0.000186 0.000193 0.000240 
6390 0.000083 0.000044 0.000048 0.000058 
6400 0.000190 0.000369 0.000189 0.000263 
6410 0.000090 0.000071 0.000071 0.000110 
6420 0.000032 0.000055 0.000061 0.000065 
6430 0.000335 0.000153 0.000166 0.000183 
6440 0.000181 0.000137 0.000123 0.000173 
6450 0.000014 0.000003 0.000002 0.000002 
6460 0.000014 0.000032 0.000035 0.000042 
6470 0.000110 0.000060 0.000067 0.000114 
6480 0.000182 0.000202 0.000246 0.000377 
6490 0.000170 0.000133 0.000141 0.000248 
6500 0.000176 0.000358 0.000254 0.000183 
6510 0.000158 0.000080 0.000145 0.000103 
6520 0.000178 0.000140 0.000158 0.000156 
6530 0.000095 0.000120 0.000091 0.000169 
6540 0.000150 0.000252 0.000180 0.000213 
6550 0.000225 0.000354 0.000216 0.000269 
6560 0.000203 0.000401 0.000222 0.000267 
6570 0.000203 0.000215 0.000329 0.000330 
6580 0.000339 0.000239 0.000300 0.000360 
6590 0.000008 0.000023 0.000024 0.000044 
6600 0.000082 0.000063 0.000084 0.000123 
6610 0.000108 0.000108 0.000129 0.000231 
6620 0.000103 0.000124 0.000134 0.000285 
6630 0.000154 0.000164 0.000185 0.000299 
6640 0.000252 0.000230 0.000229 0.000434 
6650 0.000264 0.000235 0.000221 0.000273 
6660 0.000213 0.000231 0.000383 0.000282 
6670 0.000170 0.000171 0.000253 0.000252 
6680 0.000107 0.000144 0.000091 0.000123 
6690 0.000240 0.000070 0.000072 0.000105 
6700 0.000090 0.000127 0.000119 0.000137 
6710 0.000230 0.000296 0.000241 0.000324 
6720 0.000390 0.000208 0.000234 0.000254 
6730 0.000017 0.000026 0.000031 0.000076 
6740 0.000208 0.000230 0.000234 0.000644 
6750 0.000113 0.000162 0.000138 0.000213 
6760 0.000084 0.000123 0.000169 0.000132 
6770 0.000035 0.000038 0.000052 0.000036 
6780 0.000099 0.000075 0.000123 0.000097 
6790 0.000008 0.000029 0.000017 0.000020 
6800 0.000208 0.000219 0.000256 0.000283 
6810 0.000040 0.000079 0.000068 0.000072 
6820 0.000088 0.000052 0.000082 0.000073 
6830 0.000392 0.000258 0.000272 0.000393 
6840 0.000267 0.000188 0.000178 0.000258 
6850 0.000084 0.000055 0.000059 0.000096 
6860 0.000011 0.000014 0.000019 0.000024 
6870 0.000079 0.000066 0.000057 0.000194 
6880 0.000155 0.000155 0.000085 0.000158 
6890 0.000263 0.000249 0.000270 0.000321 
6900 0.000117 0.000103 0.000092 0.000114 
6910 0.000187 0.000171 0.000187 0.000296 
6920 0.000103 0.000118 0.000175 0.000216 
6930 0.000007 0.000018 0.000016 0.000035 
6940 0.000081 0.000103 0.000120 0.000172 
6950 0.000230 0.000205 0.000214 0.000465 
6960 0.000106 0.000127 0.000128 0.000211 
6970 0.000057 0.000074 0.000121 0.000100 
6980 0.000238 0.000255 0.000265 0.000310 
6990 0.000096 0.000107 0.000062 0.000081 
7000 0.000228 0.000307 0.000206 0.000256 
7010 0.000329 0.000270 0.000235 0.000288 
7020 0.000229 0.000134 0.000138 0.000171 
7030 0.000436 0.000247 0.000274 0.000354 
7040 0.000139 0.000054 0.000062 0.000103 
7050 0.000125 0.000267 0.000160 0.000271 
7060 0.000058 0.000060 0.000081 0.000072 
7070 0.000143 0.000438 0.000137 0.000170 
7080 0.000007 0.000015 0.000015 0.000018 
7090 0.000131 0.000159 0.000226 0.000174 
7100 0.000197 0.000242 0.000396 0.000258 
7110 0.000135 0.000154 0.000270 0.000189 
7120 0.000188 0.000188 0.000318 0.000312 
7130 0.000125 0.000153 0.000223 0.000322 
7140 0.000109 0.000122 0.000298 0.000156 
7150 0.000162 0.000172 0.000171 0.000198 
7160 0.000078 0.000062 0.000092 0.000077 
7170 0.000035 0.000056 0.000031 0.000039 
7180 0.000231 0.000393 0.000293 0.000288 
7190 0.000101 0.000235 0.000138 0.000170 
7200 0.000152 0.000316 0.000183 0.000228 
7210 0.000132 0.000191 0.000138 0.000175 
7220 0.000252 0.000171 0.000277 0.000223 
7230 0.000253 0.000209 0.000246 0.000377 
7240 0.000307 0.000210 0.000282 0.000404 
7250 0.000128 0.000176 0.000193 0.000194 
7260 0.000037 0.000033 0.000085 0.000043 
7270 0.000126 0.000193 0.000215 0.000169 
7280 0.000037 0.000037 0.000040 0.000074 
7290 0.000080 0.000086 0.000134 0.000111 
7300 0.000007 0.000018 0.000034 0.000023 
7310 0.000008 0.000024 0.000048 0.000028 
7320 0.000056 0.000097 0.000120 0.000137 
7330 0.000176 0.000170 0.000170 0.000200 
7340 0.000352 0.000262 0.000313 0.000310 
7350 0.000203 0.000315 0.000264 0.000285 
7360 0.000133 0.000297 0.000188 0.000197 
7370 0.000152 0.000253 0.000192 0.000244 
7380 0.000125 0.000104 0.000117 0.000127 
7390 0.000128 0.000145 0.000181 0.000168 
7400 0.000158 0.000177 0.000224 0.000303 
7410 0.000110 0.000114 0.000144 0.000322 
7420 0.000215 0.000226 0.000226 0.000391 
7430 0.000006 0.000025 0.000032 0.000067 
7440 0.000228 0.000266 0.000288 0.000375 
7450 0.000223 0.000256 0.000247 0.000306 
7460 0.000120 0.000075 0.000141 0.000104 
7470 0.000256 0.000260 0.000336 0.000307 
7480 0.000080 0.000067 0.000098 0.000079 
7490 0.000108 0.000144 0.000182 0.000171 
7500 0.000041 0.000055 0.000081 0.000060 
7510 0.000103 0.000061 0.000095 0.000076 
7520 0.000165 0.000181 0.000301 0.000228 
7530 0.000193 0.000257 0.000210 0.000223 
7540 0.000078 0.000133 0.000139 0.000116 
7550 0.000274 0.000195 0.000249 0.000230 
7560 0.000248 0.000240 0.000312 0.000407 
7570 0.000152 0.000198 0.000221 0.000364 
7580 0.000061 0.000075 0.000074 0.000134 
7590 0.000055 0.000081 0.000100 0.000112 
7600 0.000175 0.000144 0.000253 0.000269 
7610 0.000198 0.000255 0.000350 0.000319 
7620 0.000006 0.000002 0.000006 0.000004 
7630 0.000174 0.000250 0.000331 0.000253 
7640 0.000065 0.000093 0.000122 0.000101 
7650 0.000005 0.000091 0.000044 0.000042 
7660 0.000083 0.000098 0.000183 0.000115 
7670 0.000235 0.000248 0.000297 0.000293 
7680 0.000255 0.000389 0.000266 0.000287 
7690 0.000181 0.000426 0.000272 0.000246 
7700 0.000327 0.000284 0.000299 0.000280 
7710 0.000285 0.000262 0.000340 0.000491 
7720 0.000056 0.000066 0.000075 0.000120 
7730 0.000006 0.000004 0.000006 0.000014 
7740 0.000056 0.000085 0.000078 0.000151 
7750 0.000229 0.000296 0.000390 0.000318 
7760 0.000208 0.000235 0.000369 0.000366 
7770 0.000006 0.000021 0.000031 0.000027 
7780 0.000010 0.000012 0.000021 0.000015 
7790 0.000083 0.000131 0.000074 0.000088 
7800 0.000225 0.000259 0.000173 0.000213 
7810 0.000072 0.000092 0.000070 0.000083 
7820 0.000303 0.000198 0.000203 0.000261 
7830 0.000244 0.000185 0.000202 0.000220 
7840 0.000382 0.000157 0.000162 0.000285 
7850 0.000056 0.000171 0.000086 0.000152 
7860 0.000245 0.000362 0.000247 0.000425 
7870 0.000241 0.000297 0.000410 0.000330 
7880 0.000152 0.000209 0.000259 0.000212 
7890 0.000202 0.000202 0.000389 0.000247 
7900 0.000237 0.000244 0.000485 0.000302 
7910 0.000203 0.000193 0.000221 0.000256 
7920 0.000133 0.000147 0.000153 0.000225 
7930 0.000083 0.000152 0.000119 0.000150 
7940 0.000194 0.000340 0.000207 0.000244 
7950 0.000181 0.000181 0.000143 0.000231 
7960 0.000098 0.000048 0.000055 0.000105 
7970 0.000155 0.000192 0.000188 0.000348 
7980 0.000079 0.000106 0.000114 0.000223 
7990 0.000006 0.000019 0.000019 0.000044 
8000 0.000084 0.000101 0.000112 0.000176 
8010 0.000128 0.000163 0.000161 0.000369 
8020 0.000205 0.000246 0.000221 0.000363 
8030 0.000183 0.000489 0.000259 0.000262 
8040 0.000214 0.000211 0.000210 0.000188 
8050 0.000030 0.000037 0.000095 0.000046 
8060 0.000037 0.000053 0.000064 0.000063 
8070 0.000087 0.000104 0.000131 0.000054 
8080 0.000107 0.000221 0.000182 0.000164 
8090 0.000234 0.000287 0.000296 0.000332 
8100 0.000086 0.000073 0.000081 0.000124 
8110 0.000034 0.000048 0.000047 0.000074 
8120 0.000377 0.000198 0.000200 0.000251 
8130 0.000178 0.000110 0.000137 0.000195 
8140 0.000372 0.000223 0.000233 0.000304 
8150 0.000205 0.000134 0.000218 0.000163 
8160 0.000191 0.000162 0.000164 0.000273 
8170 0.000005 0.000023 0.000023 0.000033 
8180 0.000134 0.000200 0.000157 0.000261 
8190 0.000227 0.000247 0.000228 0.000349 
8200 0.000055 0.000083 0.000093 0.000078 
8210 0.000157 0.000196 0.000310 0.000197 
8220 0.000116 0.000122 0.000285 0.000184 
8230 0.000188 0.000295 0.000197 0.000238 
8240 0.000084 0.000154 0.000121 0.000114 
8250 0.000172 0.000279 0.000201 0.000211 
8260 0.000058 0.000099 0.000059 0.000071 
8270 0.000031 0.000078 0.000059 0.000074 
8280 0.000207 0.000171 0.000192 0.000221 
8290 0.000159 0.000095 0.000094 0.000115 
8300 0.000214 0.000128 0.000121 0.000145 
8310 0.000062 0.000057 0.000056 0.000071 
8320 0.000135 0.000096 0.000092 0.000111 
8330 0.000004 0.000010 0.000008 0.000009 
8340 0.000097 0.000112 0.000085 0.000143 
8350 0.000063 0.000091 0.000091 0.000127 
8360 0.000158 0.000217 0.000297 0.000208 
8370 0.000154 0.000240 0.000231 0.000230 
8380 0.000237 0.000237 0.000267 0.000295 
8390 0.000183 0.000297 0.000208 0.000246 
8400 0.000089 0.000113 0.000064 0.000071 
8410 0.000349 0.000602 0.000291 0.000541 
8420 0.000094 0.000100 0.000176 0.000123 
8430 0.000213 0.000272 0.000274 0.000286 
8440 0.000115 0.000197 0.000123 0.000145 
8450 0.000213 0.000345 0.000216 0.000272 
8460 0.000056 0.000141 0.000074 0.000089 
8470 0.000104 0.000153 0.000136 0.000168 
8480 0.000159 0.000196 0.000203 0.000725 
8490 0.000074 0.000056 0.000049 0.000086 
8500 0.000004 0.000013 0.000017 0.000016 
8510 0.000250 0.000243 0.000337 0.000458 
8520 0.000204 0.000225 0.000256 0.000442 
8530 0.000228 0.000266 0.000274 0.000795 
8540 0.000252 0.000274 0.000374 0.000316 
8550 0.000234 0.000288 0.000399 0.000500 
8560 0.000160 0.000293 0.000211 0.000231 
8570 0.000183 0.000326 0.000218 0.000466 
8580 0.000226 0.000385 0.000256 0.000372 
8590 0.000248 0.000173 0.000184 0.000294 
8600 0.000057 0.000040 0.000047 0.000055 
8610 0.000009 0.000020 0.000023 0.000028 
8620 0.000061 0.000066 0.000045 0.000057 
8630 0.000357 0.000259 0.000221 0.000403 
8640 0.000004 0.000017 0.000017 0.000028 
8650 0.000214 0.000241 0.000313 0.000389 
8660 0.000004 0.000017 0.000029 0.000021 
8670 0.000095 0.000125 0.000171 0.000124 
8680 0.000134 0.000275 0.000139 0.000163 
8690 0.000132 0.000224 0.000151 0.000169 
8700 0.000138 0.000244 0.000158 0.000180 
8710 0.000134 0.000234 0.000205 0.000198 
8720 0.000108 0.000205 0.000127 0.000162 
8730 0.000127 0.000194 0.000169 0.000201 
8740 0.000031 0.000051 0.000031 0.000086 
8750 0.000265 0.000162 0.000170 0.000272 
8760 0.000143 0.000101 0.000113 0.000214 
8770 0.000128 0.000150 0.000171 0.000312 
8780 0.000082 0.000093 0.000098 0.000312 
8790 0.000284 0.000297 0.000254 0.000455 
8800 0.000064 0.000061 0.000058 0.000082 
8810 0.000113 0.000172 0.000115 0.000129 
8820 0.000106 0.000143 0.000215 0.000160 
8830 0.000176 0.000187 0.000246 0.000185 
8840 0.000417 0.000273 0.000474 0.000339 
8850 0.000109 0.000124 0.000341 0.000153 
8860 0.000059 0.000055 0.000105 0.000071 
8870 0.000085 0.000091 0.000198 0.000135 
8880 0.000003 0.000019 0.000029 0.000030 
8890 0.000004 0.000002 0.000003 0.000004 
8900 0.000275 0.001196 0.000672 0.000822 
8910 0.000210 0.000189 0.000267 0.000397 
8920 0.000056 0.000091 0.000072 0.000159 
8930 0.000055 0.000059 0.000059 0.000148 
8940 0.000160 0.000182 0.000173 0.000244 
8950 0.000003 0.000022 0.000039 0.000025 
8960 0.000066 0.000081 0.000110 0.000125 
8970 0.000033 0.000037 0.000060 0.000047 
8980 0.000184 0.000086 0.000205 0.000120 
8990 0.000287 0.000266 0.000267 0.000314 
9000 0.000140 0.000278 0.000128 0.000164 
9010 0.000216 0.000414 0.000257 0.000294 
9020 0.000045 0.000058 0.000052 0.000050 
9030 0.000054 0.000089 0.000062 0.000073 
9040 0.000005 0.000021 0.000029 0.000029 
9050 0.000040 0.000042 0.000068 0.000066 
9060 0.000079 0.000087 0.000132 0.000204 
9070 0.000058 0.000057 0.000060 0.000116 
9080 0.000215 0.000213 0.000223 0.000425 
9090 0.000215 0.000243 0.000243 0.000464 
9100 0.000080 0.000107 0.000166 0.000129 
9110 0.000098 0.000096 0.000139 0.000113 
9120 0.000262 0.000264 0.000362 0.000387 
9130 0.000033 0.000097 0.000058 0.000068 
9140 0.000174 0.000288 0.000192 0.000257 
9150 0.000088 0.000125 0.000088 0.000114 
9160 0.000245 0.000203 0.000212 0.000260 
9170 0.000566 0.000231 0.000216 0.000256 
9180 0.000478 0.000260 0.000304 0.000304 
9190 0.000136 0.000193 0.000154 0.000416 
9200 0.000003 0.000018 0.000017 0.000028 
9210 0.000033 0.000038 0.000035 0.000061 
9220 0.000104 0.000133 0.000180 0.000151 
9230 0.000230 0.000234 0.000238 0.000280 
9240 0.000031 0.000086 0.000053 0.000067 
9250 0.000189 0.000326 0.000311 0.000256 
9260 0.000102 0.000157 0.000107 0.000118 
9270 0.000275 0.000184 0.000196 0.000221 
9280 0.000354 0.000242 0.000290 0.000284 
9290 0.000203 0.000187 0.000218 0.000358 
9300 0.000059 0.000065 0.000080 0.000103 
9310 0.000179 0.000219 0.000430 0.000244 
9320 0.000078 0.000114 0.000193 0.000130 
9330 0.000230 0.000362 0.000242 0.000333 
9340 0.000156 0.000221 0.000212 0.000212 
9350 0.000215 0.000711 0.000272 0.000345 
9360 0.000322 0.000433 0.000280 0.000269 
9370 0.000122 0.000083 0.000101 0.000153 
9380 0.000158 0.000163 0.000189 0.000304 
9390 0.000104 0.000133 0.000148 0.000190 
9400 0.000029 0.000060 0.000057 0.000065 
9410 0.000333 0.000199 0.000217 0.000239 
9420 0.000216 0.000223 0.000208 0.000421 
9430 0.000212 0.000196 0.000195 0.000257 
9440 0.000249 0.000227 0.000350 0.000271 
9450 0.000251 0.000348 0.000289 0.000302 
9460 0.000330 0.000248 0.000851 0.000927 
9470 0.000646 0.000450 0.000214 0.000524 
9480 0.000158 0.000172 0.000187 0.000409 
9490 0.000080 0.000106 0.000109 0.000169 
9500 0.000002 0.000008 0.000021 0.000011 
9510 0.000257 0.000260 0.000421 0.000317 
9520 0.000234 0.000222 0.000310 0.000304 
9530 0.000625 0.000705 0.000420 0.000812 
9540 0.000442 0.000629 0.000333 0.000790 
9550 0.000702 0.000510 0.000819 0.000699 
9560 0.000002 0.000049 0.000070 0.000046 
9570 0.000002 0.000049 0.000095 0.000090 
9580 0.000004 0.000024 0.000040 0.000030 
9590 0.000772 0.000403 0.000489 0.000432 
9600 0.000310 0.000227 0.000343 0.000409 
9610 0.000362 0.000400 0.000297 0.000241 
9620 0.000231 0.000163 0.000233 0.000196 
9630 0.000116 0.000125 0.000156 0.000180 
9640 0.000315 0.000784 0.000937 0.000554 
9650 0.000003 0.000013 0.000013 0.000023 
9660 0.000094 0.000064 0.000065 0.000166 
9670 0.000638 0.000709 0.000877 0.001014 
9680 0.000265 0.000394 0.000316 0.000327 
9690 0.000002 0.000051 0.000020 0.000033 
9700 0.000960 0.000715 0.001059 0.001060 
9710 0.000003 0.000116 0.000085 0.000153 
9720 0.000328 0.000167 0.000183 0.000101 
9730 0.000561 0.000416 0.000272 0.000331 
9740 0.000094 0.000189 0.000099 0.000113 
9750 0.000031 0.000044 0.000036 0.000038 
9760 0.000167 0.000324 0.000201 0.000353 
9770 0.000002 0.000031 0.000026 0.000026 
9780 0.000111 0.000168 0.000151 0.000240 
9790 0.000031 0.000049 0.000059 0.000141 
9800 0.000256 0.000707 0.000325 0.000506 
9810 0.000133 0.000413 0.000227 0.000214 
9820 0.000002 0.000006 0.000014 0.000033 
9830 0.000128 0.000328 0.000275 0.000240 
9840 0.000722 0.001133 0.000912 0.001063 
9850 0.000004 0.000059 0.000092 0.000061 
9860 0.000696 0.000975 0.000865 0.000896 
9870 0.000615 0.000440 0.000633 0.000585 
9880 0.000503 0.000639 0.000798 0.000813 
9890 0.000186 0.000513 0.000320 0.000202 
9900 0.000002 0.000001 0.000003 0.000003 
9910 0.000084 0.000158 0.000296 0.000372 
9920 0.000323 0.000438 0.000387 0.000285 
9930 0.000244 0.000312 0.000642 0.000373 
9940 0.000826 0.000639 0.000824 0.000720 
9950 0.000696 0.000556 0.000523 0.000550 
9960 0.000132 0.000288 0.000239 0.000220 
9970 0.000959 0.000888 0.000928 0.000915 
9980 0.001268 0.000842 0.000936 0.001086 
9990 0.000953 0.001111 0.001013 0.001035 
