0 0.001240 0.000066 0.000007 0.000006 
10 0.000397 0.000053 0.000016 0.000011 
20 0.000195 0.000026 0.000007 0.000005 
30 0.000372 0.000041 0.000008 0.000009 
40 0.000377 0.000024 0.000002 0.000003 
50 0.000184 0.000024 0.000009 0.000005 
60 0.000421 0.000041 0.000006 0.000006 
70 0.000338 0.000050 0.000017 0.000004 
80 0.000332 0.000042 0.000005 0.000009 
90 0.000419 0.000033 0.000007 0.000012 
100 0.000188 0.000027 0.000004 0.000007 
110 0.000226 0.000040 0.000004 0.000007 
120 0.000184 0.000027 0.000011 0.000009 
130 0.000223 0.000031 0.000003 0.000003 
140 0.000455 0.000030 0.000016 0.000009 
150 0.000365 0.000072 0.000010 0.000006 
160 0.000474 0.000053 0.000003 0.000005 
170 0.000386 0.000033 0.000006 0.000006 
180 0.000324 0.000021 0.000012 0.000012 
190 0.000238 0.000024 0.000008 0.000006 
200 0.000332 0.000023 0.000011 0.000004 
210 0.000203 0.000036 0.000007 0.000005 
220 0.000233 0.000061 0.000026 0.000006 
230 0.000373 0.000043 0.000009 0.000012 
240 0.000415 0.000042 0.000007 0.000009 
250 0.000415 0.000039 0.000007 0.000005 
260 0.000385 0.000028 0.000009 0.000008 
270 0.000176 0.000051 0.000008 0.000010 
280 0.000440 0.000046 0.000019 0.000007 
290 0.000368 0.000038 0.000005 0.000009 
300 0.000399 0.000033 0.000008 0.000008 
310 0.000363 0.000061 0.000012 0.000010 
320 0.000557 0.000049 0.000006 0.000005 
330 0.000397 0.000063 0.000009 0.000006 
340 0.000424 0.000047 0.000005 0.000008 
350 0.000204 0.000028 0.000008 0.000007 
360 0.000189 0.000021 0.000007 0.000011 
370 0.000381 0.000034 0.000008 0.000012 
380 0.000200 0.000058 0.000009 0.000013 
390 0.000313 0.000048 0.000007 0.000007 
400 0.000446 0.000032 0.000006 0.000004 
410 0.000221 0.000022 0.000005 0.000005 
420 0.000327 0.000046 0.000009 0.000008 
430 0.000384 0.000056 0.000006 0.000011 
440 0.000243 0.000043 0.000012 0.000007 
450 0.000457 0.000031 0.000010 0.000009 
460 0.000414 0.000039 0.000011 0.000014 
470 0.000212 0.000029 0.000006 0.000012 
480 0.000439 0.000037 0.000015 0.000016 
490 0.000452 0.000081 0.000007 0.000010 
500 0.000388 0.000101 0.000010 0.000004 
510 0.000223 0.000054 0.000007 0.000008 
520 0.000253 0.000025 0.000005 0.000005 
530 0.000191 0.000023 0.000012 0.000007 
540 0.000229 0.000051 0.000014 0.000005 
550 0.000179 0.000021 0.000006 0.000005 
560 0.000186 0.000026 0.000007 0.000006 
570 0.000201 0.000039 0.000008 0.000013 
580 0.000380 0.000026 0.000003 0.000007 
590 0.000182 0.000042 0.000004 0.000004 
600 0.000196 0.000042 0.000008 0.000007 
610 0.000171 0.000020 0.000006 0.000013 
620 0.000354 0.000036 0.000004 0.000004 
630 0.000185 0.000032 0.000004 0.000005 
640 0.000245 0.000029 0.000009 0.000005 
650 0.000179 0.000026 0.000005 0.000004 
660 0.000409 0.000034 0.000006 0.000006 
670 0.000368 0.000019 0.000005 0.000003 
680 0.000258 0.000025 0.000005 0.000006 
690 0.000198 0.000020 0.000005 0.000005 
700 0.000187 0.000067 0.000007 0.000006 
710 0.000198 0.000046 0.000004 0.000005 
720 0.000201 0.000037 0.000005 0.000005 
730 0.000185 0.000022 0.000004 0.000004 
740 0.000197 0.000036 0.000005 0.000005 
750 0.000183 0.000044 0.000006 0.000005 
760 0.000181 0.000049 0.000004 0.000004 
770 0.000184 0.000027 0.000011 0.000004 
780 0.000193 0.000044 0.000003 0.000003 
790 0.000173 0.000043 0.000006 0.000003 
800 0.000355 0.000019 0.000005 0.000004 
810 0.000365 0.000052 0.000008 0.000013 
820 0.000196 0.000029 0.000011 0.000012 
830 0.000401 0.000054 0.000010 0.000005 
840 0.000198 0.000028 0.000004 0.000003 
850 0.000245 0.000028 0.000007 0.000006 
860 0.000203 0.000032 0.000007 0.000004 
870 0.000346 0.000040 0.000003 0.000004 
880 0.000192 0.000030 0.000005 0.000005 
890 0.000181 0.000026 0.000016 0.000009 
900 0.000176 0.000030 0.000006 0.000006 
910 0.000223 0.000028 0.000010 0.000004 
920 0.000180 0.000021 0.000004 0.000006 
930 0.000180 0.000022 0.000005 0.000003 
940 0.000372 0.000028 0.000018 0.000004 
950 0.000350 0.000020 0.000007 0.000007 
960 0.000195 0.000043 0.000003 0.000003 
970 0.000193 0.000025 0.000007 0.000003 
980 0.000194 0.000020 0.000004 0.000004 
990 0.000233 0.000028 0.000008 0.000005 
1000 0.000173 0.000028 0.000007 0.000007 
1010 0.000189 0.000020 0.000005 0.000003 
1020 0.000213 0.000033 0.000006 0.000006 
1030 0.000177 0.000020 0.000006 0.000005 
1040 0.000195 0.000018 0.000005 0.000006 
1050 0.000170 0.000026 0.000006 0.000005 
1060 0.000199 0.000045 0.000006 0.000005 
1070 0.000202 0.000018 0.000006 0.000006 
1080 0.000203 0.000027 0.000009 0.000004 
1090 0.000197 0.000025 0.000005 0.000006 
1100 0.000346 0.000046 0.000007 0.000007 
1110 0.000181 0.000036 0.000006 0.000005 
1120 0.000204 0.000052 0.000005 0.000007 
1130 0.000171 0.000049 0.000005 0.000005 
1140 0.000184 0.000047 0.000010 0.000006 
1150 0.000166 0.000047 0.000006 0.000007 
1160 0.000197 0.000031 0.000005 0.000004 
1170 0.000193 0.000022 0.000009 0.000006 
1180 0.000183 0.000028 0.000005 0.000010 
1190 0.000353 0.000023 0.000006 0.000008 
1200 0.000174 0.000028 0.000006 0.000006 
1210 0.000187 0.000021 0.000010 0.000008 
1220 0.000195 0.000021 0.000007 0.000007 
1230 0.000198 0.000027 0.000009 0.000009 
1240 0.000171 0.000031 0.000005 0.000005 
1250 0.000180 0.000023 0.000006 0.000005 
1260 0.000182 0.000031 0.000004 0.000005 
1270 0.000190 0.000062 0.000004 0.000004 
1280 0.000180 0.000018 0.000006 0.000006 
1290 0.000212 0.000033 0.000005 0.000011 
1300 0.000169 0.000027 0.000010 0.000010 
1310 0.000190 0.000032 0.000007 0.000009 
1320 0.000219 0.000033 0.000005 0.000007 
1330 0.000172 0.000028 0.000003 0.000003 
1340 0.000204 0.000023 0.000007 0.000006 
1350 0.000201 0.000029 0.000006 0.000007 
1360 0.000170 0.000033 0.000005 0.000006 
1370 0.000196 0.000021 0.000006 0.000005 
1380 0.000175 0.000024 0.000006 0.000006 
1390 0.000176 0.000024 0.000003 0.000004 
1400 0.000196 0.000024 0.000004 0.000005 
1410 0.000198 0.000035 0.000005 0.000005 
1420 0.000392 0.000031 0.000006 0.000006 
1430 0.000192 0.000026 0.000005 0.000005 
1440 0.000355 0.000023 0.000007 0.000003 
1450 0.000358 0.000038 0.000006 0.000006 
1460 0.000383 0.000040 0.000010 0.000006 
1470 0.000386 0.000036 0.000017 0.000006 
1480 0.000369 0.000063 0.000003 0.000005 
1490 0.000380 0.000047 0.000006 0.000010 
1500 0.000388 0.000111 0.000009 0.000006 
1510 0.000243 0.000043 0.000005 0.000009 
1520 0.000361 0.000028 0.000007 0.000011 
1530 0.000273 0.000037 0.000009 0.000009 
1540 0.000357 0.000063 0.000009 0.000008 
1550 0.000379 0.000034 0.000006 0.000009 
1560 0.000242 0.000040 0.000011 0.000005 
1570 0.000220 0.000064 0.000007 0.000010 
1580 0.000374 0.000032 0.000007 0.000008 
1590 0.000264 0.000043 0.000005 0.000006 
1600 0.000163 0.000051 0.000010 0.000008 
1610 0.000233 0.000059 0.000010 0.000011 
1620 0.000226 0.000062 0.000013 0.000006 
1630 0.000400 0.000060 0.000008 0.000010 
1640 0.000415 0.000062 0.000006 0.000007 
1650 0.000235 0.000023 0.000002 0.000004 
1660 0.000199 0.000026 0.000005 0.000006 
1670 0.000366 0.000025 0.000006 0.000011 
1680 0.000200 0.000026 0.000012 0.000005 
1690 0.000197 0.000025 0.000007 0.000007 
1700 0.000347 0.000026 0.000005 0.000005 
1710 0.000203 0.000044 0.000007 0.000004 
1720 0.000176 0.000026 0.000007 0.000017 
1730 0.000178 0.000021 0.000003 0.000004 
1740 0.000201 0.000021 0.000003 0.000003 
1750 0.000201 0.000027 0.000003 0.000003 
1760 0.000176 0.000021 0.000005 0.000009 
1770 0.000402 0.000027 0.000003 0.000003 
1780 0.000186 0.000024 0.000007 0.000004 
1790 0.000213 0.000028 0.000006 0.000005 
1800 0.000209 0.000044 0.000001 0.000002 
1810 0.000207 0.000027 0.000008 0.000005 
1820 0.000185 0.000040 0.000008 0.000006 
1830 0.000175 0.000035 0.000006 0.000003 
1840 0.000194 0.000041 0.000004 0.000004 
1850 0.000189 0.000035 0.000006 0.000010 
1860 0.000202 0.000038 0.000004 0.000005 
1870 0.000197 0.000063 0.000006 0.000005 
1880 0.000339 0.000027 0.000005 0.000005 
1890 0.000208 0.000052 0.000006 0.000004 
1900 0.000340 0.000025 0.000006 0.000006 
1910 0.000191 0.000027 0.000004 0.000004 
1920 0.000164 0.000022 0.000007 0.000005 
1930 0.000368 0.000028 0.000005 0.000004 
1940 0.000195 0.000024 0.000005 0.000005 
1950 0.000369 0.000045 0.000010 0.000006 
1960 0.000196 0.000024 0.000005 0.000007 
1970 0.000205 0.000037 0.000006 0.000006 
1980 0.000186 0.000024 0.000004 0.000008 
1990 0.000384 0.000026 0.000007 0.000007 
2000 0.000193 0.000023 0.000006 0.000004 
2010 0.000377 0.000037 0.000006 0.000007 
2020 0.000196 0.000031 0.000010 0.000010 
2030 0.000398 0.000028 0.000006 0.000005 
2040 0.000229 0.000035 0.000005 0.000006 
2050 0.000215 0.000028 0.000009 0.000006 
2060 0.000209 0.000025 0.000012 0.000006 
2070 0.000177 0.000025 0.000007 0.000006 
2080 0.000167 0.000029 0.000004 0.000003 
2090 0.000500 0.000026 0.000005 0.000005 
2100 0.000196 0.000037 0.000003 0.000003 
2110 0.000195 0.000049 0.000003 0.000005 
2120 0.000353 0.000028 0.000005 0.000004 
2130 0.000360 0.000026 0.000005 0.000007 
2140 0.000297 0.000024 0.000004 0.000007 
2150 0.000210 0.000028 0.000007 0.000007 
2160 0.000168 0.000026 0.000012 0.000007 
2170 0.000174 0.000027 0.000005 0.000004 
2180 0.000198 0.000030 0.000019 0.000005 
2190 0.000205 0.000030 0.000010 0.000003 
2200 0.000191 0.000042 0.000008 0.000005 
2210 0.000179 0.000029 0.000015 0.000007 
2220 0.000182 0.000024 0.000006 0.000006 
2230 0.000192 0.000027 0.000004 0.000006 
2240 0.000194 0.000037 0.000006 0.000004 
2250 0.000219 0.000023 0.000002 0.000003 
2260 0.000187 0.000025 0.000003 0.000003 
2270 0.000218 0.000029 0.000006 0.000009 
2280 0.000192 0.000030 0.000013 0.000006 
2290 0.000211 0.000037 0.000010 0.000006 
2300 0.000185 0.000043 0.000004 0.000004 
2310 0.000203 0.000023 0.000006 0.000005 
2320 0.000197 0.000030 0.000005 0.000008 
2330 0.000195 0.000024 0.000002 0.000002 
2340 0.000202 0.000027 0.000004 0.000004 
2350 0.000216 0.000026 0.000007 0.000005 
2360 0.000368 0.000052 0.000003 0.000003 
2370 0.000294 0.000021 0.000004 0.000003 
2380 0.000174 0.000040 0.000009 0.000005 
2390 0.000182 0.000027 0.000008 0.000003 
2400 0.000217 0.000040 0.000007 0.000005 
2410 0.000201 0.000023 0.000006 0.000005 
2420 0.000188 0.000024 0.000003 0.000003 
2430 0.000362 0.000028 0.000004 0.000005 
2440 0.000261 0.000024 0.000007 0.000007 
2450 0.000190 0.000026 0.000006 0.000005 
2460 0.000180 0.000022 0.000004 0.000004 
2470 0.000373 0.000027 0.000005 0.000005 
2480 0.000410 0.000038 0.000005 0.000004 
2490 0.000190 0.000040 0.000005 0.000004 
2500 0.000369 0.000041 0.000005 0.000005 
2510 0.000181 0.000030 0.000005 0.000005 
2520 0.000172 0.000023 0.000005 0.000005 
2530 0.000185 0.000026 0.000004 0.000004 
2540 0.000211 0.000035 0.000007 0.000008 
2550 0.000172 0.000019 0.000006 0.000005 
2560 0.000188 0.000030 0.000006 0.000005 
2570 0.000355 0.000026 0.000006 0.000005 
2580 0.000364 0.000023 0.000004 0.000003 
2590 0.000214 0.000037 0.000011 0.000008 
2600 0.000183 0.000031 0.000008 0.000009 
2610 0.000406 0.000023 0.000005 0.000005 
2620 0.000191 0.000027 0.000010 0.000003 
2630 0.000213 0.000030 0.000009 0.000006 
2640 0.000190 0.000043 0.000005 0.000003 
2650 0.000185 0.000021 0.000006 0.000005 
2660 0.000174 0.000021 0.000005 0.000006 
2670 0.000426 0.000028 0.000006 0.000004 
2680 0.000429 0.000031 0.000004 0.000003 
2690 0.000374 0.000022 0.000004 0.000003 
2700 0.000384 0.000021 0.000004 0.000004 
2710 0.000176 0.000023 0.000005 0.000005 
2720 0.000196 0.000028 0.000010 0.000010 
2730 0.000183 0.000025 0.000004 0.000004 
2740 0.000176 0.000026 0.000006 0.000007 
2750 0.000198 0.000043 0.000003 0.000003 
2760 0.000215 0.000026 0.000006 0.000006 
2770 0.000226 0.000044 0.000007 0.000005 
2780 0.000270 0.000028 0.000005 0.000005 
2790 0.000365 0.000027 0.000005 0.000006 
2800 0.000374 0.000029 0.000006 0.000006 
2810 0.000398 0.000032 0.000006 0.000006 
2820 0.000189 0.000026 0.000006 0.000003 
2830 0.000357 0.000035 0.000005 0.000006 
2840 0.000347 0.000027 0.000007 0.000012 
2850 0.000366 0.000018 0.000005 0.000006 
2860 0.000175 0.000020 0.000006 0.000006 
2870 0.000205 0.000026 0.000004 0.000004 
2880 0.000184 0.000028 0.000002 0.000002 
2890 0.000377 0.000028 0.000009 0.000006 
2900 0.000188 0.000024 0.000006 0.000004 
2910 0.000197 0.000026 0.000003 0.000003 
2920 0.000335 0.000040 0.000006 0.000010 
2930 0.000189 0.000028 0.000006 0.000006 
2940 0.000195 0.000030 0.000014 0.000005 
2950 0.000197 0.000021 0.000005 0.000003 
2960 0.000209 0.000026 0.000008 0.000005 
2970 0.000209 0.000029 0.000011 0.000006 
2980 0.000184 0.000030 0.000006 0.000011 
2990 0.000185 0.000058 0.000005 0.000005 
3000 0.000189 0.000024 0.000004 0.000007 
3010 0.000187 0.000061 0.000005 0.000005 
3020 0.000188 0.000022 0.000007 0.000007 
3030 0.000172 0.000059 0.000008 0.000007 
3040 0.000182 0.000046 0.000003 0.000003 
3050 0.000178 0.000040 0.000002 0.000003 
3060 0.000211 0.000049 0.000005 0.000005 
3070 0.000167 0.000042 0.000011 0.000006 
3080 0.000210 0.000028 0.000008 0.000005 
3090 0.000162 0.000024 0.000003 0.000004 
3100 0.000194 0.000023 0.000004 0.000007 
3110 0.000371 0.000029 0.000006 0.000004 
3120 0.000365 0.000024 0.000003 0.000004 
3130 0.000367 0.000026 0.000004 0.000004 
3140 0.000352 0.000028 0.000005 0.000009 
3150 0.000369 0.000019 0.000005 0.000003 
3160 0.000350 0.000024 0.000009 0.000004 
3170 0.000187 0.000061 0.000006 0.000005 
3180 0.000189 0.000025 0.000005 0.000005 
3190 0.000368 0.000026 0.000008 0.000008 
3200 0.000197 0.000022 0.000007 0.000007 
3210 0.000379 0.000024 0.000006 0.000006 
3220 0.000387 0.000051 0.000011 0.000006 
3230 0.000234 0.000024 0.000008 0.000003 
3240 0.000181 0.000023 0.000007 0.000005 
3250 0.000162 0.000024 0.000006 0.000004 
3260 0.000178 0.000029 0.000011 0.000006 
3270 0.000184 0.000026 0.000006 0.000004 
3280 0.000202 0.000025 0.000004 0.000004 
3290 0.000210 0.000046 0.000004 0.000004 
3300 0.000193 0.000026 0.000005 0.000009 
3310 0.000188 0.000035 0.000005 0.000005 
3320 0.000190 0.000029 0.000006 0.000009 
3330 0.000358 0.000022 0.000006 0.000005 
3340 0.000229 0.000026 0.000007 0.000007 
3350 0.000203 0.000020 0.000006 0.000006 
3360 0.000398 0.000026 0.000005 0.000006 
3370 0.000177 0.000032 0.000004 0.000004 
3380 0.000202 0.000027 0.000005 0.000004 
3390 0.000188 0.000038 0.000003 0.000003 
3400 0.000179 0.000031 0.000004 0.000003 
3410 0.000170 0.000039 0.000003 0.000004 
3420 0.000193 0.000032 0.000007 0.000005 
3430 0.000241 0.000045 0.000005 0.000005 
3440 0.000212 0.000028 0.000007 0.000007 
3450 0.000178 0.000039 0.000003 0.000003 
3460 0.000181 0.000026 0.000009 0.000005 
3470 0.000226 0.000027 0.000007 0.000007 
3480 0.000325 0.000023 0.000005 0.000006 
3490 0.000368 0.000024 0.000005 0.000005 
3500 0.000187 0.000019 0.000005 0.000005 
3510 0.000194 0.000030 0.000016 0.000005 
3520 0.000362 0.000019 0.000004 0.000003 
3530 0.000424 0.000041 0.000004 0.000004 
3540 0.000354 0.000025 0.000007 0.000007 
3550 0.000186 0.000022 0.000004 0.000004 
3560 0.000201 0.000039 0.000006 0.000009 
3570 0.000178 0.000023 0.000005 0.000006 
3580 0.000192 0.000027 0.000006 0.000007 
3590 0.000366 0.000026 0.000005 0.000008 
3600 0.000204 0.000026 0.000008 0.000007 
3610 0.000167 0.000024 0.000004 0.000004 
3620 0.000194 0.000036 0.000010 0.000006 
3630 0.000194 0.000047 0.000005 0.000005 
3640 0.000174 0.000049 0.000005 0.000006 
3650 0.000216 0.000031 0.000008 0.000006 
3660 0.000195 0.000051 0.000003 0.000003 
3670 0.000355 0.000029 0.000005 0.000005 
3680 0.000411 0.000025 0.000005 0.000003 
3690 0.000175 0.000028 0.000008 0.000008 
3700 0.000373 0.000028 0.000008 0.000013 
3710 0.000221 0.000028 0.000005 0.000005 
3720 0.000191 0.000030 0.000004 0.000005 
3730 0.000238 0.000026 0.000006 0.000006 
3740 0.000194 0.000021 0.000002 0.000003 
3750 0.000194 0.000033 0.000006 0.000006 
3760 0.000210 0.000022 0.000005 0.000005 
3770 0.000188 0.000029 0.000008 0.000006 
3780 0.000184 0.000018 0.000008 0.000005 
3790 0.000178 0.000037 0.000006 0.000006 
3800 0.000186 0.000022 0.000007 0.000005 
3810 0.000369 0.000042 0.000004 0.000009 
3820 0.000207 0.000067 0.000007 0.000010 
3830 0.000197 0.000024 0.000004 0.000004 
3840 0.000364 0.000025 0.000004 0.000004 
3850 0.000260 0.000036 0.000004 0.000004 
3860 0.000355 0.000043 0.000006 0.000006 
3870 0.000177 0.000042 0.000005 0.000007 
3880 0.000181 0.000050 0.000004 0.000006 
3890 0.000181 0.000035 0.000007 0.000005 
3900 0.000175 0.000025 0.000005 0.000005 
3910 0.000176 0.000028 0.000008 0.000005 
3920 0.000179 0.000028 0.000006 0.000004 
3930 0.000185 0.000025 0.000003 0.000003 
3940 0.000210 0.000027 0.000009 0.000011 
3950 0.000181 0.000033 0.000006 0.000006 
3960 0.000462 0.000036 0.000011 0.000007 
3970 0.000211 0.000028 0.000005 0.000007 
3980 0.000182 0.000018 0.000004 0.000004 
3990 0.000202 0.000025 0.000004 0.000004 
4000 0.000226 0.000033 0.000005 0.000006 
4010 0.000214 0.000027 0.000004 0.000005 
4020 0.000365 0.000027 0.000012 0.000003 
4030 0.000172 0.000019 0.000004 0.000003 
4040 0.000216 0.000027 0.000005 0.000003 
4050 0.000376 0.000029 0.000007 0.000007 
4060 0.000418 0.000036 0.000002 0.000003 
4070 0.000339 0.000027 0.000005 0.000006 
4080 0.000175 0.000027 0.000005 0.000006 
4090 0.000205 0.000075 0.000006 0.000006 
4100 0.000194 0.000035 0.000005 0.000005 
4110 0.000218 0.000034 0.000006 0.000006 
4120 0.000420 0.000040 0.000010 0.000002 
4130 0.000208 0.000020 0.000004 0.000004 
4140 0.000376 0.000028 0.000003 0.000004 
4150 0.000190 0.000024 0.000004 0.000004 
4160 0.000388 0.000026 0.000004 0.000005 
4170 0.000205 0.000021 0.000006 0.000006 
4180 0.000215 0.000028 0.000011 0.000006 
4190 0.000188 0.000026 0.000004 0.000003 
4200 0.000186 0.000022 0.000003 0.000002 
4210 0.000173 0.000028 0.000003 0.000006 
4220 0.000196 0.000029 0.000005 0.000004 
4230 0.000193 0.000026 0.000007 0.000006 
4240 0.000208 0.000028 0.000007 0.000002 
4250 0.000171 0.000025 0.000006 0.000006 
4260 0.000390 0.000023 0.000005 0.000009 
4270 0.000198 0.000039 0.000008 0.000013 
4280 0.000179 0.000050 0.000009 0.000006 
4290 0.000174 0.000043 0.000005 0.000004 
4300 0.000365 0.000057 0.000005 0.000005 
4310 0.000172 0.000026 0.000007 0.000008 
4320 0.000356 0.000019 0.000004 0.000003 
4330 0.000359 0.000024 0.000004 0.000004 
4340 0.000337 0.000022 0.000006 0.000005 
4350 0.000368 0.000030 0.000005 0.000009 
4360 0.000173 0.000024 0.000006 0.000004 
4370 0.000171 0.000048 0.000006 0.000006 
4380 0.000180 0.000025 0.000006 0.000006 
4390 0.000208 0.000029 0.000004 0.000004 
4400 0.000226 0.000028 0.000010 0.000003 
4410 0.000208 0.000022 0.000004 0.000004 
4420 0.000204 0.000021 0.000012 0.000007 
4430 0.000211 0.000069 0.000008 0.000008 
4440 0.000202 0.000023 0.000007 0.000007 
4450 0.000232 0.000062 0.000012 0.000005 
4460 0.000202 0.000044 0.000003 0.000004 
4470 0.000171 0.000056 0.000007 0.000008 
4480 0.000174 0.000054 0.000007 0.000007 
4490 0.000191 0.000027 0.000004 0.000003 
4500 0.000189 0.000056 0.000007 0.000006 
4510 0.000179 0.000024 0.000004 0.000004 
4520 0.000196 0.000056 0.000009 0.000009 
4530 0.000185 0.000034 0.000007 0.000004 
4540 0.000182 0.000032 0.000004 0.000004 
4550 0.000195 0.000027 0.000003 0.000002 
4560 0.000381 0.000023 0.000004 0.000004 
4570 0.000185 0.000035 0.000005 0.000005 
4580 0.000167 0.000048 0.000002 0.000003 
4590 0.000178 0.000028 0.000004 0.000004 
4600 0.000304 0.000023 0.000002 0.000002 
4610 0.000367 0.000025 0.000006 0.000005 
4620 0.000187 0.000021 0.000007 0.000007 
4630 0.000220 0.000034 0.000005 0.000011 
4640 0.000169 0.000021 0.000004 0.000006 
4650 0.000298 0.000025 0.000004 0.000004 
4660 0.000392 0.000021 0.000006 0.000006 
4670 0.000185 0.000026 0.000008 0.000005 
4680 0.000297 0.000023 0.000007 0.000005 
4690 0.000201 0.000031 0.000010 0.000009 
4700 0.000228 0.000055 0.000004 0.000003 
4710 0.000194 0.000031 0.000005 0.000005 
4720 0.000198 0.000032 0.000004 0.000005 
4730 0.000210 0.000022 0.000006 0.000006 
4740 0.000211 0.000056 0.000017 0.000006 
4750 0.000202 0.000036 0.000013 0.000008 
4760 0.000403 0.000034 0.000008 0.000005 
4770 0.000380 0.000028 0.000008 0.000005 
4780 0.000196 0.000026 0.000003 0.000006 
4790 0.000177 0.000022 0.000009 0.000006 
4800 0.000186 0.000028 0.000004 0.000006 
4810 0.000182 0.000027 0.000008 0.000008 
4820 0.000192 0.000028 0.000007 0.000005 
4830 0.000193 0.000027 0.000010 0.000007 
4840 0.000196 0.000049 0.000005 0.000005 
4850 0.000360 0.000036 0.000007 0.000007 
4860 0.000382 0.000048 0.000008 0.000005 
4870 0.000362 0.000034 0.000009 0.000016 
4880 0.000211 0.000031 0.000006 0.000006 
4890 0.000389 0.000031 0.000009 0.000008 
4900 0.000174 0.000022 0.000005 0.000005 
4910 0.000383 0.000027 0.000005 0.000005 
4920 0.000208 0.000033 0.000008 0.000005 
4930 0.000177 0.000039 0.000005 0.000005 
4940 0.000183 0.000044 0.000005 0.000005 
4950 0.000177 0.000027 0.000012 0.000008 
4960 0.000232 0.000056 0.000004 0.000004 
4970 0.000192 0.000024 0.000007 0.000006 
4980 0.000189 0.000027 0.000003 0.000003 
4990 0.000181 0.000026 0.000004 0.000004 
5000 0.000190 0.000032 0.000004 0.000004 
5010 0.000177 0.000026 0.000005 0.000003 
5020 0.000221 0.000032 0.000006 0.000007 
5030 0.000369 0.000047 0.000006 0.000005 
5040 0.000175 0.000021 0.000004 0.000007 
5050 0.000189 0.000025 0.000006 0.000006 
5060 0.000196 0.000036 0.000004 0.000004 
5070 0.000205 0.000023 0.000003 0.000003 
5080 0.000199 0.000025 0.000004 0.000005 
5090 0.000190 0.000031 0.000006 0.000005 
5100 0.000214 0.000028 0.000005 0.000006 
5110 0.000189 0.000021 0.000004 0.000004 
5120 0.000200 0.000027 0.000004 0.000007 
5130 0.000193 0.000022 0.000006 0.000004 
5140 0.000191 0.000029 0.000009 0.000005 
5150 0.000179 0.000028 0.000012 0.000006 
5160 0.000184 0.000025 0.000005 0.000005 
5170 0.000176 0.000021 0.000007 0.000006 
5180 0.000175 0.000041 0.000005 0.000005 
5190 0.000197 0.000032 0.000006 0.000007 
5200 0.000171 0.000026 0.000010 0.000006 
5210 0.000209 0.000038 0.000004 0.000004 
5220 0.000172 0.000033 0.000004 0.000004 
5230 0.000421 0.000027 0.000004 0.000003 
5240 0.000217 0.000029 0.000005 0.000009 
5250 0.000186 0.000024 0.000010 0.000006 
5260 0.000170 0.000029 0.000008 0.000005 
5270 0.000198 0.000024 0.000005 0.000007 
5280 0.000174 0.000029 0.000014 0.000007 
5290 0.000180 0.000024 0.000010 0.000008 
5300 0.000170 0.000038 0.000003 0.000004 
5310 0.000177 0.000042 0.000005 0.000008 
5320 0.000369 0.000025 0.000008 0.000014 
5330 0.000202 0.000020 0.000005 0.000006 
5340 0.000225 0.000036 0.000007 0.000009 
5350 0.000237 0.000023 0.000003 0.000003 
5360 0.000179 0.000026 0.000003 0.000003 
5370 0.000216 0.000035 0.000007 0.000003 
5380 0.000375 0.000024 0.000006 0.000007 
5390 0.000361 0.000021 0.000009 0.000006 
5400 0.000401 0.000030 0.000003 0.000002 
5410 0.000358 0.000030 0.000007 0.000004 
5420 0.000170 0.000045 0.000006 0.000007 
5430 0.000198 0.000049 0.000008 0.000003 
5440 0.000201 0.000034 0.000011 0.000006 
5450 0.000213 0.000049 0.000004 0.000005 
5460 0.000414 0.000026 0.000006 0.000005 
5470 0.000198 0.000021 0.000005 0.000005 
5480 0.000220 0.000023 0.000005 0.000008 
5490 0.000358 0.000025 0.000006 0.000005 
5500 0.000216 0.000028 0.000004 0.000003 
5510 0.000212 0.000020 0.000005 0.000004 
5520 0.000366 0.000032 0.000004 0.000004 
5530 0.000219 0.000031 0.000005 0.000004 
5540 0.000420 0.000031 0.000004 0.000005 
5550 0.000202 0.000022 0.000005 0.000007 
5560 0.000194 0.000052 0.000005 0.000004 
5570 0.000183 0.000030 0.000005 0.000005 
5580 0.000187 0.000024 0.000010 0.000007 
5590 0.000193 0.000044 0.000010 0.000007 
5600 0.000184 0.000027 0.000006 0.000006 
5610 0.000397 0.000034 0.000005 0.000004 
5620 0.000229 0.000025 0.000006 0.000005 
5630 0.000363 0.000023 0.000007 0.000007 
5640 0.000198 0.000028 0.000006 0.000005 
5650 0.000174 0.000026 0.000010 0.000006 
5660 0.000196 0.000021 0.000013 0.000007 
5670 0.000185 0.000022 0.000005 0.000008 
5680 0.000193 0.000046 0.000006 0.000005 
5690 0.000204 0.000067 0.000006 0.000004 
5700 0.000415 0.000049 0.000011 0.000012 
5710 0.000180 0.000024 0.000011 0.000008 
5720 0.000195 0.000026 0.000008 0.000008 
5730 0.000195 0.000020 0.000005 0.000004 
5740 0.000196 0.000022 0.000005 0.000006 
5750 0.000175 0.000025 0.000005 0.000005 
5760 0.000191 0.000025 0.000005 0.000006 
5770 0.000198 0.000026 0.000003 0.000004 
5780 0.000197 0.000039 0.000006 0.000004 
5790 0.000198 0.000024 0.000004 0.000005 
5800 0.000190 0.000026 0.000005 0.000005 
5810 0.000194 0.000029 0.000006 0.000006 
5820 0.000200 0.000034 0.000007 0.000005 
5830 0.000171 0.000039 0.000012 0.000007 
5840 0.000203 0.000035 0.000012 0.000007 
5850 0.000380 0.000022 0.000008 0.000005 
5860 0.000364 0.000029 0.000014 0.000007 
5870 0.000207 0.000019 0.000006 0.000012 
5880 0.000193 0.000020 0.000004 0.000004 
5890 0.000185 0.000024 0.000003 0.000005 
5900 0.000194 0.000029 0.000009 0.000006 
5910 0.000180 0.000028 0.000013 0.000007 
5920 0.000245 0.000021 0.000004 0.000009 
5930 0.000254 0.000026 0.000008 0.000005 
5940 0.000174 0.000032 0.000009 0.000008 
5950 0.000217 0.000075 0.000007 0.000004 
5960 0.000222 0.000052 0.000006 0.000005 
5970 0.000173 0.000055 0.000006 0.000006 
5980 0.000177 0.000048 0.000007 0.000007 
5990 0.000169 0.000045 0.000015 0.000007 
6000 0.000186 0.000040 0.000005 0.000004 
6010 0.000176 0.000026 0.000003 0.000003 
6020 0.000202 0.000041 0.000005 0.000008 
6030 0.000185 0.000025 0.000006 0.000006 
6040 0.000405 0.000036 0.000003 0.000003 
6050 0.000194 0.000028 0.000004 0.000004 
6060 0.000198 0.000029 0.000005 0.000006 
6070 0.000184 0.000026 0.000006 0.000007 
6080 0.000377 0.000025 0.000003 0.000003 
6090 0.000388 0.000039 0.000008 0.000005 
6100 0.000350 0.000026 0.000006 0.000006 
6110 0.000201 0.000035 0.000006 0.000011 
6120 0.000193 0.000028 0.000007 0.000006 
6130 0.000180 0.000029 0.000004 0.000004 
6140 0.000178 0.000025 0.000007 0.000008 
6150 0.000188 0.000045 0.000003 0.000003 
6160 0.000179 0.000030 0.000009 0.000008 
6170 0.000196 0.000022 0.000003 0.000004 
6180 0.000182 0.000025 0.000006 0.000006 
6190 0.000173 0.000038 0.000006 0.000007 
6200 0.000228 0.000048 0.000007 0.000008 
6210 0.000354 0.000023 0.000004 0.000005 
6220 0.000358 0.000022 0.000004 0.000003 
6230 0.000200 0.000028 0.000006 0.000008 
6240 0.000362 0.000045 0.000009 0.000008 
6250 0.000177 0.000029 0.000021 0.000016 
6260 0.000239 0.000020 0.000005 0.000007 
6270 0.000199 0.000035 0.000009 0.000010 
6280 0.000178 0.000026 0.000006 0.000006 
6290 0.000187 0.000030 0.000005 0.000005 
6300 0.000180 0.000028 0.000008 0.000005 
6310 0.000170 0.000023 0.000015 0.000005 
6320 0.000252 0.000031 0.000009 0.000003 
6330 0.000214 0.000042 0.000012 0.000012 
6340 0.000204 0.000023 0.000003 0.000004 
6350 0.000200 0.000027 0.000005 0.000007 
6360 0.000226 0.000040 0.000008 0.000005 
6370 0.000431 0.000036 0.000005 0.000006 
6380 0.000379 0.000024 0.000003 0.000003 
6390 0.000222 0.000020 0.000006 0.000004 
6400 0.000193 0.000033 0.000006 0.000006 
6410 0.000213 0.000024 0.000006 0.000004 
6420 0.000227 0.000021 0.000006 0.000005 
6430 0.000414 0.000021 0.000013 0.000007 
6440 0.000204 0.000026 0.000003 0.000003 
6450 0.000374 0.000040 0.000004 0.000004 
6460 0.000397 0.000031 0.000007 0.000006 
6470 0.000367 0.000027 0.000006 0.000012 
6480 0.000202 0.000026 0.000004 0.000008 
6490 0.000228 0.000031 0.000004 0.000004 
6500 0.000421 0.000073 0.000005 0.000004 
6510 0.000379 0.000027 0.000014 0.000008 
6520 0.000213 0.000040 0.000009 0.000006 
6530 0.000256 0.000028 0.000004 0.000006 
6540 0.000198 0.000034 0.000015 0.000005 
6550 0.000191 0.000048 0.000004 0.000004 
6560 0.000185 0.000032 0.000005 0.000006 
6570 0.000320 0.000022 0.000011 0.000007 
6580 0.000233 0.000031 0.000009 0.000018 
6590 0.000180 0.000026 0.000008 0.000008 
6600 0.000207 0.000034 0.000004 0.000003 
6610 0.000171 0.000022 0.000006 0.000005 
6620 0.000163 0.000023 0.000007 0.000010 
6630 0.000193 0.000030 0.000006 0.000008 
6640 0.000201 0.000040 0.000005 0.000005 
6650 0.000176 0.000026 0.000006 0.000007 
6660 0.000183 0.000026 0.000010 0.000006 
6670 0.000243 0.000025 0.000009 0.000004 
6680 0.000200 0.000052 0.000007 0.000007 
6690 0.000355 0.000024 0.000006 0.000004 
6700 0.000212 0.000031 0.000003 0.000003 
6710 0.000208 0.000029 0.000003 0.000004 
6720 0.000394 0.000045 0.000005 0.000005 
6730 0.000396 0.000028 0.000006 0.000009 
6740 0.000175 0.000026 0.000005 0.000008 
6750 0.000193 0.000027 0.000005 0.000004 
6760 0.000198 0.000055 0.000010 0.000006 
6770 0.000186 0.000026 0.000007 0.000010 
6780 0.000216 0.000025 0.000005 0.000004 
6790 0.000177 0.000050 0.000004 0.000004 
6800 0.000180 0.000026 0.000005 0.000004 
6810 0.000271 0.000049 0.000007 0.000008 
6820 0.000221 0.000027 0.000005 0.000004 
6830 0.000214 0.000024 0.000003 0.000004 
6840 0.000402 0.000024 0.000006 0.000006 
6850 0.000198 0.000026 0.000003 0.000004 
6860 0.000378 0.000020 0.000003 0.000004 
6870 0.000385 0.000024 0.000005 0.000006 
6880 0.000384 0.000031 0.000005 0.000006 
6890 0.000352 0.000024 0.000008 0.000005 
6900 0.000210 0.000021 0.000004 0.000004 
6910 0.000201 0.000032 0.000012 0.000005 
6920 0.000186 0.000026 0.000010 0.000007 
6930 0.000185 0.000028 0.000006 0.000010 
6940 0.000197 0.000029 0.000006 0.000006 
6950 0.000178 0.000023 0.000007 0.000013 
6960 0.000191 0.000035 0.000007 0.000006 
6970 0.000190 0.000030 0.000008 0.000005 
6980 0.000206 0.000027 0.000003 0.000003 
6990 0.000208 0.000053 0.000005 0.000005 
7000 0.000378 0.000042 0.000012 0.000006 
7010 0.000358 0.000021 0.000006 0.000005 
7020 0.000411 0.000042 0.000004 0.000003 
7030 0.000198 0.000034 0.000008 0.000006 
7040 0.000373 0.000029 0.000006 0.000004 
7050 0.000323 0.000024 0.000008 0.000008 
7060 0.000205 0.000023 0.000009 0.000005 
7070 0.000242 0.000036 0.000011 0.000015 
7080 0.000189 0.000027 0.000005 0.000006 
7090 0.000228 0.000026 0.000004 0.000003 
7100 0.000190 0.000028 0.000009 0.000006 
7110 0.000204 0.000041 0.000013 0.000008 
7120 0.000199 0.000021 0.000007 0.000004 
7130 0.000224 0.000035 0.000020 0.000007 
7140 0.000188 0.000020 0.000004 0.000004 
7150 0.000189 0.000024 0.000003 0.000003 
7160 0.000305 0.000023 0.000004 0.000005 
7170 0.000192 0.000047 0.000005 0.000005 
7180 0.000215 0.000063 0.000006 0.000012 
7190 0.000184 0.000027 0.000007 0.000007 
7200 0.000173 0.000031 0.000008 0.000005 
7210 0.000212 0.000057 0.000005 0.000006 
7220 0.000201 0.000022 0.000006 0.000004 
7230 0.000209 0.000026 0.000008 0.000006 
7240 0.000370 0.000027 0.000010 0.000008 
7250 0.000213 0.000037 0.000011 0.000008 
7260 0.000197 0.000025 0.000006 0.000004 
7270 0.000199 0.000030 0.000016 0.000007 
7280 0.000201 0.000034 0.000004 0.000005 
7290 0.000194 0.000020 0.000004 0.000003 
7300 0.000190 0.000029 0.000006 0.000006 
7310 0.000185 0.000027 0.000013 0.000007 
7320 0.000188 0.000038 0.000006 0.000004 
7330 0.000196 0.000023 0.000004 0.000005 
7340 0.000211 0.000031 0.000004 0.000003 
7350 0.000175 0.000015 0.000005 0.000005 
7360 0.000205 0.000064 0.000013 0.000008 
7370 0.000177 0.000043 0.000007 0.000007 
7380 0.000198 0.000020 0.000005 0.000005 
7390 0.000209 0.000026 0.000005 0.000006 
7400 0.000180 0.000025 0.000008 0.000013 
7410 0.000172 0.000026 0.000007 0.000008 
7420 0.000197 0.000028 0.000003 0.000003 
7430 0.000182 0.000027 0.000009 0.000020 
7440 0.000192 0.000027 0.000007 0.000007 
7450 0.000215 0.000045 0.000004 0.000004 
7460 0.000216 0.000023 0.000005 0.000004 
7470 0.000246 0.000027 0.000006 0.000007 
7480 0.000207 0.000022 0.000006 0.000005 
7490 0.000180 0.000022 0.000006 0.000006 
7500 0.000183 0.000028 0.000006 0.000005 
7510 0.000204 0.000024 0.000006 0.000006 
7520 0.000190 0.000023 0.000009 0.000005 
7530 0.000181 0.000045 0.000010 0.000006 
7540 0.000182 0.000022 0.000010 0.000006 
7550 0.000357 0.000026 0.000009 0.000015 
7560 0.000209 0.000023 0.000005 0.000005 
7570 0.000178 0.000026 0.000007 0.000013 
7580 0.000189 0.000030 0.000004 0.000008 
7590 0.000191 0.000023 0.000006 0.000005 
7600 0.000237 0.000029 0.000003 0.000004 
7610 0.000182 0.000020 0.000005 0.000005 
7620 0.000182 0.000028 0.000007 0.000006 
7630 0.000195 0.000028 0.000006 0.000005 
7640 0.000196 0.000032 0.000007 0.000005 
7650 0.000203 0.000066 0.000006 0.000006 
7660 0.000197 0.000028 0.000007 0.000004 
7670 0.000195 0.000033 0.000010 0.000010 
7680 0.000192 0.000032 0.000007 0.000006 
7690 0.000207 0.000041 0.000003 0.000003 
7700 0.000388 0.000029 0.000007 0.000005 
7710 0.000197 0.000029 0.000013 0.000011 
7720 0.000192 0.000025 0.000005 0.000007 
7730 0.000193 0.000024 0.000005 0.000006 
7740 0.000199 0.000032 0.000010 0.000005 
7750 0.000201 0.000023 0.000005 0.000005 
7760 0.000188 0.000028 0.000006 0.000005 
7770 0.000180 0.000026 0.000008 0.000006 
7780 0.000223 0.000024 0.000007 0.000007 
7790 0.000355 0.000042 0.000007 0.000006 
7800 0.000362 0.000031 0.000005 0.000005 
7810 0.000361 0.000038 0.000005 0.000005 
7820 0.000393 0.000032 0.000008 0.000007 
7830 0.000305 0.000022 0.000003 0.000005 
7840 0.000387 0.000025 0.000005 0.000006 
7850 0.000231 0.000028 0.000004 0.000006 
7860 0.000224 0.000038 0.000020 0.000005 
7870 0.000220 0.000035 0.000014 0.000006 
7880 0.000193 0.000035 0.000005 0.000005 
7890 0.000194 0.000040 0.000004 0.000004 
7900 0.000216 0.000030 0.000004 0.000004 
7910 0.000198 0.000028 0.000006 0.000006 
7920 0.000224 0.000056 0.000003 0.000004 
7930 0.000199 0.000051 0.000004 0.000005 
7940 0.000186 0.000025 0.000003 0.000003 
7950 0.000458 0.000034 0.000004 0.000005 
7960 0.000398 0.000049 0.000005 0.000005 
7970 0.000189 0.000025 0.000005 0.000006 
7980 0.000186 0.000021 0.000006 0.000009 
7990 0.000207 0.000028 0.000007 0.000005 
8000 0.000279 0.000029 0.000004 0.000005 
8010 0.000225 0.000035 0.000006 0.000009 
8020 0.000369 0.000034 0.000005 0.000011 
8030 0.000204 0.000056 0.000014 0.000006 
8040 0.000257 0.000031 0.000012 0.000008 
8050 0.000176 0.000028 0.000013 0.000007 
8060 0.000212 0.000034 0.000005 0.000004 
8070 0.000255 0.000035 0.000004 0.000003 
8080 0.000177 0.000048 0.000008 0.000002 
8090 0.000204 0.000023 0.000007 0.000004 
8100 0.000395 0.000029 0.000005 0.000005 
8110 0.000181 0.000018 0.000005 0.000005 
8120 0.000366 0.000021 0.000005 0.000003 
8130 0.000191 0.000025 0.000005 0.000006 
8140 0.000359 0.000035 0.000004 0.000004 
8150 0.000350 0.000025 0.000020 0.000006 
8160 0.000370 0.000045 0.000006 0.000007 
8170 0.000392 0.000024 0.000005 0.000006 
8180 0.000202 0.000026 0.000004 0.000005 
8190 0.000176 0.000027 0.000009 0.000013 
8200 0.000199 0.000051 0.000004 0.000003 
8210 0.000189 0.000026 0.000009 0.000006 
8220 0.000190 0.000024 0.000009 0.000007 
8230 0.000200 0.000039 0.000003 0.000004 
8240 0.000185 0.000048 0.000005 0.000004 
8250 0.000179 0.000054 0.000015 0.000008 
8260 0.000183 0.000026 0.000005 0.000005 
8270 0.000188 0.000036 0.000006 0.000006 
8280 0.000402 0.000030 0.000005 0.000005 
8290 0.000378 0.000033 0.000005 0.000004 
8300 0.000367 0.000029 0.000009 0.000006 
8310 0.000230 0.000027 0.000004 0.000004 
8320 0.000222 0.000035 0.000005 0.000006 
8330 0.000397 0.000039 0.000006 0.000005 
8340 0.000382 0.000029 0.000005 0.000007 
8350 0.000191 0.000023 0.000005 0.000004 
8360 0.000193 0.000036 0.000010 0.000006 
8370 0.000183 0.000042 0.000007 0.000006 
8380 0.000215 0.000034 0.000004 0.000004 
8390 0.000191 0.000066 0.000010 0.000006 
8400 0.000200 0.000043 0.000006 0.000005 
8410 0.000250 0.000051 0.000003 0.000004 
8420 0.000206 0.000027 0.000007 0.000007 
8430 0.000199 0.000040 0.000003 0.000003 
8440 0.000168 0.000049 0.000008 0.000005 
8450 0.000205 0.000041 0.000003 0.000004 
8460 0.000180 0.000037 0.000006 0.000004 
8470 0.000180 0.000023 0.000005 0.000006 
8480 0.000185 0.000029 0.000005 0.000007 
8490 0.000250 0.000044 0.000007 0.000007 
8500 0.000193 0.000027 0.000003 0.000003 
8510 0.000210 0.000021 0.000006 0.000005 
8520 0.000183 0.000028 0.000008 0.000007 
8530 0.000194 0.000025 0.000008 0.000005 
8540 0.000219 0.000029 0.000011 0.000006 
8550 0.000212 0.000030 0.000008 0.000006 
8560 0.000191 0.000044 0.000002 0.000002 
8570 0.000194 0.000030 0.000004 0.000007 
8580 0.000206 0.000030 0.000005 0.000004 
8590 0.000389 0.000024 0.000005 0.000008 
8600 0.000219 0.000025 0.000003 0.000004 
8610 0.000437 0.000023 0.000003 0.000003 
8620 0.000395 0.000032 0.000004 0.000004 
8630 0.000386 0.000035 0.000007 0.000010 
8640 0.000200 0.000022 0.000006 0.000009 
8650 0.000179 0.000027 0.000014 0.000006 
8660 0.000212 0.000025 0.000003 0.000002 
8670 0.000180 0.000045 0.000015 0.000006 
8680 0.000205 0.000063 0.000007 0.000006 
8690 0.000208 0.000048 0.000005 0.000005 
8700 0.000233 0.000046 0.000002 0.000002 
8710 0.000207 0.000060 0.000008 0.000008 
8720 0.000202 0.000030 0.000007 0.000004 
8730 0.000209 0.000037 0.000006 0.000006 
8740 0.000179 0.000050 0.000007 0.000010 
8750 0.000249 0.000020 0.000004 0.000007 
8760 0.000386 0.000026 0.000007 0.000012 
8770 0.000200 0.000021 0.000008 0.000014 
8780 0.000184 0.000029 0.000006 0.000005 
8790 0.000201 0.000036 0.000010 0.000008 
8800 0.000211 0.000032 0.000006 0.000007 
8810 0.000216 0.000036 0.000022 0.000007 
8820 0.000179 0.000023 0.000011 0.000006 
8830 0.000229 0.000028 0.000005 0.000005 
8840 0.000226 0.000032 0.000005 0.000004 
8850 0.000174 0.000031 0.000009 0.000007 
8860 0.000177 0.000026 0.000007 0.000005 
8870 0.000206 0.000033 0.000006 0.000006 
8880 0.000203 0.000029 0.000007 0.000006 
8890 0.000194 0.000055 0.000009 0.000008 
8900 0.000197 0.000074 0.000006 0.000005 
8910 0.000196 0.000031 0.000015 0.000007 
8920 0.000186 0.000031 0.000005 0.000003 
8930 0.000192 0.000030 0.000005 0.000005 
8940 0.000244 0.000032 0.000019 0.000005 
8950 0.000203 0.000023 0.000006 0.000006 
8960 0.000179 0.000019 0.000007 0.000007 
8970 0.000200 0.000026 0.000010 0.000007 
8980 0.000221 0.000027 0.000010 0.000009 
8990 0.000206 0.000029 0.000003 0.000003 
9000 0.000196 0.000043 0.000006 0.000017 
9010 0.000200 0.000047 0.000005 0.000005 
9020 0.000221 0.000057 0.000006 0.000006 
9030 0.000190 0.000034 0.000007 0.000007 
9040 0.000384 0.000035 0.000006 0.000003 
9050 0.000192 0.000026 0.000011 0.000012 
9060 0.000190 0.000028 0.000007 0.000009 
9070 0.000202 0.000029 0.000007 0.000010 
9080 0.000175 0.000024 0.000005 0.000005 
9090 0.000178 0.000019 0.000005 0.000002 
9100 0.000197 0.000028 0.000007 0.000006 
9110 0.000188 0.000030 0.000016 0.000009 
9120 0.000199 0.000030 0.000006 0.000007 
9130 0.000187 0.000024 0.000006 0.000007 
9140 0.000204 0.000035 0.000008 0.000006 
9150 0.000193 0.000045 0.000006 0.000006 
9160 0.000408 0.000019 0.000002 0.000003 
9170 0.000382 0.000023 0.000005 0.000005 
9180 0.000369 0.000032 0.000010 0.000010 
9190 0.000235 0.000041 0.000012 0.000011 
9200 0.000209 0.000033 0.000005 0.000005 
9210 0.000196 0.000028 0.000007 0.000011 
9220 0.000188 0.000036 0.000003 0.000003 
9230 0.000176 0.000050 0.000008 0.000008 
9240 0.000194 0.000054 0.000004 0.000004 
9250 0.000205 0.000024 0.000005 0.000005 
9260 0.000217 0.000052 0.000015 0.000010 
9270 0.000366 0.000044 0.000007 0.000008 
9280 0.000194 0.000026 0.000003 0.000003 
9290 0.000183 0.000021 0.000007 0.000012 
9300 0.000186 0.000027 0.000010 0.000010 
9310 0.000192 0.000031 0.000006 0.000007 
9320 0.000199 0.000030 0.000010 0.000010 
9330 0.000197 0.000041 0.000005 0.000005 
9340 0.000176 0.000024 0.000006 0.000003 
9350 0.000201 0.000034 0.000008 0.000008 
9360 0.000201 0.000032 0.000008 0.000007 
9370 0.000205 0.000026 0.000007 0.000008 
9380 0.000177 0.000020 0.000007 0.000013 
9390 0.000179 0.000024 0.000006 0.000006 
9400 0.000178 0.000028 0.000008 0.000008 
9410 0.000220 0.000034 0.000006 0.000006 
9420 0.000364 0.000023 0.000002 0.000002 
9430 0.000208 0.000025 0.000004 0.000004 
9440 0.000377 0.000025 0.000005 0.000003 
9450 0.000184 0.000030 0.000008 0.000008 
9460 0.000213 0.000068 0.000020 0.000011 
9470 0.000390 0.000038 0.000006 0.000007 
9480 0.000177 0.000021 0.000007 0.000010 
9490 0.000194 0.000027 0.000008 0.000006 
9500 0.000201 0.000024 0.000013 0.000007 
9510 0.000220 0.000023 0.000006 0.000006 
9520 0.000364 0.000024 0.000003 0.000003 
9530 0.000402 0.000038 0.000005 0.000005 
9540 0.000215 0.000036 0.000008 0.000011 
9550 0.000251 0.000032 0.000006 0.000006 
9560 0.000274 0.000037 0.000007 0.000006 
9570 0.000300 0.000038 0.000017 0.000010 
9580 0.000325 0.000047 0.000008 0.000005 
9590 0.000428 0.000029 0.000005 0.000005 
9600 0.000220 0.000030 0.000008 0.000013 
9610 0.000241 0.000033 0.000014 0.000008 
9620 0.000256 0.000026 0.000007 0.000012 
9630 0.000187 0.000030 0.000004 0.000003 
9640 0.000228 0.000042 0.000010 0.000004 
9650 0.000342 0.000025 0.000003 0.000003 
9660 0.000392 0.000031 0.000013 0.000011 
9670 0.000236 0.000033 0.000010 0.000008 
9680 0.000400 0.000065 0.000008 0.000007 
9690 0.000272 0.000042 0.000006 0.000006 
9700 0.000274 0.000030 0.000012 0.000009 
9710 0.000421 0.000081 0.000007 0.000008 
9720 0.000455 0.000029 0.000004 0.000003 
9730 0.000239 0.000042 0.000006 0.000007 
9740 0.000229 0.000055 0.000004 0.000005 
9750 0.000196 0.000030 0.000007 0.000007 
9760 0.000186 0.000048 0.000007 0.000009 
9770 0.000389 0.000038 0.000007 0.000006 
9780 0.000175 0.000044 0.000007 0.000010 
9790 0.000205 0.000028 0.000005 0.000007 
9800 0.000224 0.000033 0.000006 0.000007 
9810 0.000211 0.000044 0.000011 0.000007 
9820 0.000211 0.000029 0.000008 0.000007 
9830 0.000415 0.000076 0.000011 0.000008 
9840 0.000446 0.000065 0.000020 0.000022 
9850 0.000556 0.000047 0.000015 0.000011 
9860 0.000416 0.000058 0.000013 0.000013 
9870 0.000324 0.000042 0.000012 0.000009 
9880 0.000390 0.000038 0.000008 0.000007 
9890 0.000230 0.000033 0.000008 0.000005 
9900 0.000192 0.000032 0.000003 0.000003 
9910 0.000188 0.000034 0.000007 0.000007 
9920 0.000521 0.000086 0.000015 0.000007 
9930 0.000413 0.000046 0.000010 0.000007 
9940 0.000293 0.000048 0.000011 0.000015 
9950 0.000359 0.000070 0.000013 0.000016 
9960 0.000304 0.000061 0.000012 0.000010 
9970 0.000263 0.000040 0.000015 0.000013 
9980 0.000479 0.000058 0.000014 0.000010 
9990 0.000527 0.000093 0.000020 0.000019 
