1000 0.000175 
1100 0.000266 
1200 0.000213 
1300 0.000183 
1400 0.000141 
1500 0.000201 
1600 0.000214 
1700 0.000148 
1800 0.000160 
1900 0.000240 
2000 0.000282 
2100 0.000289 
2200 0.000328 
2300 0.000362 
2400 0.000396 
2500 0.000487 
2600 0.000614 
2700 0.000433 
2800 0.000576 
2900 0.000582 
3000 0.000706 
3100 0.000667 
3200 0.000837 
3300 0.000846 
3400 0.000628 
3500 0.000671 
3600 0.000529 
3700 0.000425 
3800 0.000559 
3900 0.000692 
4000 0.000828 
4100 0.000628 
4200 0.000505 
4300 0.000527 
4400 0.000544 
4500 0.000557 
4600 0.000566 
4700 0.000605 
4800 0.000776 
4900 0.001124 
5000 0.000658 
5100 0.000670 
5200 0.000696 
5300 0.000723 
5400 0.000755 
5500 0.000770 
5600 0.000801 
5700 0.000837 
5800 0.000872 
5900 0.000865 
6000 0.000889 
6100 0.000967 
6200 0.000923 
6300 0.000964 
6400 0.000988 
6500 0.001005 
6600 0.001098 
6700 0.001078 
6800 0.001087 
6900 0.001113 
7000 0.001515 
7100 0.001954 
7200 0.002599 
7300 0.001264 
7400 0.001300 
7500 0.001319 
7600 0.001315 
7700 0.001475 
7800 0.001534 
7900 0.001419 
8000 0.001492 
8100 0.001462 
8200 0.001505 
8300 0.001583 
8400 0.001559 
8500 0.001602 
8600 0.001635 
8700 0.001653 
8800 0.001700 
8900 0.001750 
9000 0.001852 
9100 0.001871 
9200 0.001843 
9300 0.001868 
9400 0.001894 
9500 0.001936 
9600 0.001989 
9700 0.002030 
9800 0.002054 
9900 0.002097 
10000 0.002128 
10100 0.002184 
10200 0.002210 
10300 0.002254 
10400 0.002305 
10500 0.002322 
10600 0.002410 
10700 0.002448 
10800 0.002505 
10900 0.002540 
11000 0.002539 
11100 0.002576 
11200 0.002612 
11300 0.002689 
11400 0.002802 
11500 0.002805 
11600 0.002794 
11700 0.002850 
11800 0.002895 
11900 0.002969 
12000 0.003002 
12100 0.003075 
12200 0.003060 
12300 0.003455 
12400 0.003288 
12500 0.003215 
12600 0.003259 
12700 0.003474 
12800 0.005808 
12900 0.006464 
13000 0.006162 
13100 0.006587 
13200 0.007172 
13300 0.005682 
13400 0.003794 
13500 0.003705 
13600 0.003755 
13700 0.003869 
13800 0.003835 
13900 0.003988 
14000 0.004021 
14100 0.004047 
14200 0.004060 
14300 0.005474 
14400 0.004906 
14500 0.008837 
14600 0.004942 
14700 0.004393 
14800 0.004393 
14900 0.004472 
15000 0.004630 
15100 0.004535 
15200 0.004618 
15300 0.004840 
15400 0.004843 
15500 0.004793 
15600 0.004883 
15700 0.004979 
15800 0.005036 
15900 0.005076 
16000 0.005115 
16100 0.005153 
16200 0.005287 
16300 0.005474 
16400 0.005645 
16500 0.005445 
16600 0.005665 
16700 0.005602 
16800 0.005668 
16900 0.005710 
17000 0.006010 
17100 0.005885 
17200 0.005913 
17300 0.005983 
17400 0.006155 
17500 0.006242 
17600 0.006227 
17700 0.006281 
17800 0.006450 
17900 0.006353 
18000 0.006501 
18100 0.006515 
18200 0.006619 
18300 0.006743 
18400 0.006775 
18500 0.007177 
18600 0.006967 
18700 0.007046 
18800 0.007071 
18900 0.007266 
19000 0.007469 
19100 0.007333 
19200 0.007242 
19300 0.007442 
19400 0.007542 
19500 0.007588 
19600 0.008323 
19700 0.008342 
19800 0.007835 
19900 0.007994 
20000 0.007980 
