0 0.000519 0.000302 0.000273 0.000295 
10 0.000315 0.000653 0.000945 0.001021 
20 0.000070 0.000052 0.000084 0.000059 
30 0.000038 0.000028 0.000021 0.000029 
40 0.000056 0.000017 0.000015 0.000021 
50 0.000201 0.000251 0.000334 0.000363 
60 0.000866 0.000241 0.000249 0.000260 
70 0.000589 0.000245 0.000454 0.000268 
80 0.000196 0.000363 0.000268 0.000268 
90 0.000167 0.000156 0.000223 0.000260 
100 0.000068 0.000075 0.000083 0.000106 
110 0.000165 0.000213 0.000165 0.000191 
120 0.000162 0.000202 0.000703 0.000308 
130 0.000267 0.000268 0.000290 0.000328 
140 0.001039 0.000352 0.000707 0.000486 
150 0.000327 0.001251 0.001251 0.000367 
160 0.000584 0.000435 0.000210 0.000328 
170 0.000653 0.000448 0.000836 0.000728 
180 0.000079 0.000056 0.000130 0.000359 
190 0.000144 0.000052 0.000075 0.000073 
200 0.000090 0.000019 0.000046 0.000029 
210 0.000357 0.000302 0.000824 0.000557 
220 0.000022 0.000035 0.000068 0.000059 
230 0.000090 0.000262 0.000074 0.000123 
240 0.000418 0.000366 0.000295 0.000649 
250 0.000700 0.001003 0.000412 0.000768 
260 0.000417 0.000243 0.000639 0.000435 
270 0.000266 0.000757 0.000688 0.000666 
280 0.000217 0.000436 0.000785 0.000260 
290 0.000032 0.000016 0.000012 0.000027 
300 0.000939 0.000148 0.000278 0.000452 
310 0.000221 0.000705 0.000875 0.000794 
320 0.000952 0.000213 0.000535 0.000600 
330 0.000123 0.000157 0.000311 0.000248 
340 0.000278 0.000250 0.000367 0.000697 
350 0.000446 0.000636 0.000239 0.000591 
360 0.000173 0.000108 0.000208 0.000422 
370 0.000254 0.000495 0.000849 0.001010 
380 0.000188 0.000356 0.000277 0.000597 
390 0.000837 0.000265 0.000923 0.000392 
400 0.001155 0.000574 0.000622 0.000769 
410 0.000056 0.000057 0.000058 0.000127 
420 0.000838 0.000950 0.000694 0.000329 
430 0.000155 0.000149 0.000090 0.000174 
440 0.000639 0.000291 0.000785 0.000763 
450 0.000868 0.000692 0.000729 0.000616 
460 0.000396 0.000418 0.000736 0.000417 
470 0.000098 0.000107 0.000065 0.000191 
480 0.000877 0.000389 0.000731 0.000974 
490 0.001318 0.000963 0.000972 0.000861 
500 0.000457 0.000936 0.001008 0.000296 
510 0.000258 0.000766 0.000231 0.000377 
520 0.000035 0.000010 0.000011 0.000016 
530 0.000060 0.000078 0.000065 0.000118 
540 0.000230 0.000293 0.000297 0.000261 
550 0.000204 0.000190 0.000195 0.000180 
560 0.000137 0.000170 0.000229 0.000148 
570 0.000158 0.000201 0.000176 0.000275 
580 0.000338 0.000281 0.000238 0.000439 
590 0.000057 0.000031 0.000027 0.000041 
600 0.000350 0.000439 0.000348 0.000416 
610 0.000189 0.000314 0.000229 0.000270 
620 0.000471 0.000441 0.000247 0.000380 
630 0.000086 0.000162 0.000080 0.000103 
640 0.000250 0.000165 0.000183 0.000208 
650 0.000080 0.000068 0.000065 0.000087 
660 0.000176 0.000124 0.000150 0.000214 
670 0.000026 0.000006 0.000007 0.000007 
680 0.000100 0.000115 0.000111 0.000145 
690 0.000206 0.000235 0.000232 0.000239 
700 0.000221 0.000899 0.000252 0.000322 
710 0.000095 0.000126 0.000095 0.000149 
720 0.000231 0.000265 0.000278 0.000291 
730 0.000068 0.000059 0.000067 0.000085 
740 0.000101 0.000120 0.000108 0.000105 
750 0.000102 0.000108 0.000097 0.000123 
760 0.000205 0.000197 0.000174 0.000191 
770 0.000055 0.000042 0.000043 0.000050 
780 0.000204 0.000236 0.000257 0.000266 
790 0.000255 0.000282 0.000234 0.000266 
800 0.000283 0.000245 0.000258 0.000284 
810 0.000135 0.000226 0.000118 0.000125 
820 0.000198 0.000196 0.000550 0.000894 
830 0.000267 0.000580 0.000271 0.000284 
840 0.000126 0.000059 0.000050 0.000072 
850 0.000035 0.000015 0.000013 0.000017 
860 0.000099 0.000056 0.000081 0.000071 
870 0.000043 0.000026 0.000011 0.000022 
880 0.000215 0.000224 0.000246 0.000291 
890 0.000112 0.000080 0.000120 0.000113 
900 0.000017 0.000023 0.000028 0.000024 
910 0.000207 0.000241 0.000233 0.000251 
920 0.000043 0.000064 0.000067 0.000078 
930 0.000174 0.000174 0.000218 0.000218 
940 0.000023 0.000003 0.000003 0.000003 
950 0.000268 0.000147 0.000192 0.000242 
960 0.000048 0.000031 0.000031 0.000041 
970 0.000209 0.000202 0.000313 0.000295 
980 0.000174 0.000149 0.000187 0.000186 
990 0.000148 0.000168 0.000175 0.000198 
1000 0.000242 0.000195 0.000245 0.000265 
1010 0.000015 0.000006 0.000009 0.000008 
1020 0.000167 0.000135 0.000156 0.000242 
1030 0.000070 0.000052 0.000062 0.000069 
1040 0.000175 0.000219 0.000253 0.000302 
1050 0.000069 0.000065 0.000072 0.000093 
1060 0.000097 0.000099 0.000068 0.000093 
1070 0.000102 0.000092 0.000090 0.000099 
1080 0.000198 0.000233 0.000261 0.000297 
1090 0.000094 0.000072 0.000094 0.000133 
1100 0.000059 0.000056 0.000053 0.000067 
1110 0.000107 0.000123 0.000118 0.000133 
1120 0.000300 0.000306 0.000236 0.000402 
1130 0.000128 0.000162 0.000142 0.000180 
1140 0.000101 0.000159 0.000101 0.000133 
1150 0.000169 0.000240 0.000143 0.000143 
1160 0.000172 0.000252 0.000254 0.000249 
1170 0.000161 0.000266 0.000314 0.000201 
1180 0.000129 0.000123 0.000134 0.000160 
1190 0.000288 0.000232 0.000267 0.000251 
1200 0.000228 0.000234 0.000204 0.000209 
1210 0.000053 0.000066 0.000073 0.000092 
1220 0.000236 0.000299 0.000230 0.000286 
1230 0.000227 0.000322 0.000288 0.000349 
1240 0.000247 0.000228 0.000223 0.000269 
1250 0.000087 0.000060 0.000056 0.000089 
1260 0.000065 0.000079 0.000080 0.000141 
1270 0.000261 0.000284 0.000313 0.000315 
1280 0.000047 0.000041 0.000045 0.000050 
1290 0.000232 0.000238 0.000284 0.000662 
1300 0.000049 0.000038 0.000029 0.000044 
1310 0.000225 0.000365 0.000274 0.000477 
1320 0.000263 0.000227 0.000280 0.000427 
1330 0.000054 0.000040 0.000031 0.000052 
1340 0.000057 0.000041 0.000040 0.000058 
1350 0.000140 0.000144 0.000188 0.000204 
1360 0.000071 0.000066 0.000051 0.000069 
1370 0.000043 0.000028 0.000026 0.000033 
1380 0.000048 0.000037 0.000031 0.000040 
1390 0.000049 0.000041 0.000039 0.000052 
1400 0.000017 0.000004 0.000003 0.000004 
1410 0.000221 0.000203 0.000277 0.000278 
1420 0.000263 0.000250 0.000341 0.000438 
1430 0.000242 0.000224 0.000287 0.000313 
1440 0.000327 0.000242 0.000291 0.000263 
1450 0.000113 0.000078 0.000084 0.000088 
1460 0.000155 0.000164 0.000174 0.000118 
1470 0.000935 0.000827 0.001253 0.000297 
1480 0.000297 0.000889 0.000155 0.000328 
1490 0.000838 0.000318 0.000857 0.001123 
1500 0.001125 0.001328 0.000263 0.000546 
1510 0.000567 0.000963 0.000401 0.000931 
1520 0.000573 0.000206 0.000229 0.000690 
1530 0.000313 0.000607 0.000302 0.000609 
1540 0.001181 0.000678 0.000269 0.000303 
1550 0.000294 0.000158 0.000078 0.000148 
1560 0.000482 0.000463 0.000387 0.000210 
1570 0.000194 0.000406 0.000375 0.000169 
1580 0.000060 0.000047 0.000053 0.000138 
1590 0.000448 0.000209 0.000551 0.000486 
1600 0.000207 0.000308 0.000497 0.000371 
1610 0.000238 0.000137 0.000431 0.000342 
1620 0.000183 0.000401 0.000410 0.000397 
1630 0.000749 0.001321 0.000514 0.000865 
1640 0.000030 0.000013 0.000008 0.000017 
1650 0.000244 0.000246 0.000262 0.000321 
1660 0.000014 0.000007 0.000006 0.000008 
1670 0.000021 0.000016 0.000015 0.000030 
1680 0.000225 0.000281 0.000282 0.000322 
1690 0.000042 0.000031 0.000033 0.000044 
1700 0.000197 0.000133 0.000166 0.000217 
1710 0.000155 0.000153 0.000273 0.000203 
1720 0.000102 0.000099 0.000111 0.000122 
1730 0.000173 0.000200 0.000167 0.000218 
1740 0.000165 0.000163 0.000186 0.000237 
1750 0.000265 0.000280 0.000255 0.000321 
1760 0.000178 0.000149 0.000220 0.000274 
1770 0.000207 0.000141 0.000165 0.000160 
1780 0.000182 0.000196 0.000241 0.000216 
1790 0.000232 0.000231 0.000266 0.000293 
1800 0.000158 0.000136 0.000153 0.000173 
1810 0.000096 0.000086 0.000099 0.000103 
1820 0.000225 0.000332 0.000273 0.000282 
1830 0.000074 0.000070 0.000090 0.000079 
1840 0.000259 0.000354 0.000292 0.000307 
1850 0.000075 0.000071 0.000057 0.000073 
1860 0.000154 0.000164 0.000182 0.000174 
1870 0.000015 0.000029 0.000019 0.000027 
1880 0.000235 0.000225 0.000280 0.000235 
1890 0.000260 0.000299 0.000286 0.000286 
1900 0.000316 0.000201 0.000254 0.000289 
1910 0.000231 0.000219 0.000216 0.000254 
1920 0.000232 0.000254 0.000226 0.000278 
1930 0.000086 0.000050 0.000045 0.000063 
1940 0.000015 0.000004 0.000004 0.000004 
1950 0.000121 0.000121 0.000093 0.000125 
1960 0.000225 0.000236 0.000310 0.000328 
1970 0.000139 0.000169 0.000172 0.000209 
1980 0.000185 0.000216 0.000227 0.000343 
1990 0.000290 0.000257 0.000276 0.000346 
2000 0.000160 0.000126 0.000127 0.000220 
2010 0.000023 0.000020 0.000016 0.000016 
2020 0.000176 0.000148 0.000202 0.000177 
2030 0.000173 0.000131 0.000180 0.000163 
2040 0.000200 0.000216 0.000299 0.000373 
2050 0.000244 0.000309 0.000252 0.000284 
2060 0.000025 0.000010 0.000015 0.000011 
2070 0.000015 0.000018 0.000018 0.000019 
2080 0.000180 0.000252 0.000159 0.000234 
2090 0.000131 0.000089 0.000082 0.000098 
2100 0.000091 0.000127 0.000103 0.000116 
2110 0.000212 0.000228 0.000232 0.000287 
2120 0.000159 0.000178 0.000133 0.000195 
2130 0.000062 0.000032 0.000050 0.000068 
2140 0.000171 0.000104 0.000136 0.000157 
2150 0.000162 0.000141 0.000174 0.000193 
2160 0.000084 0.000056 0.000082 0.000069 
2170 0.000215 0.000280 0.000243 0.000272 
2180 0.000087 0.000109 0.000134 0.000114 
2190 0.000233 0.000218 0.000234 0.000248 
2200 0.000209 0.000252 0.000361 0.000249 
2210 0.000239 0.000226 0.000301 0.000227 
2220 0.000038 0.000025 0.000032 0.000033 
2230 0.000184 0.000120 0.000177 0.000178 
2240 0.000140 0.000163 0.000153 0.000164 
2250 0.000140 0.000157 0.000181 0.000178 
2260 0.000075 0.000072 0.000073 0.000076 
2270 0.000143 0.000148 0.000164 0.000211 
2280 0.000154 0.000126 0.000173 0.000159 
2290 0.000238 0.000255 0.000295 0.000273 
2300 0.000066 0.000093 0.000071 0.000102 
2310 0.000139 0.000196 0.000177 0.000199 
2320 0.000055 0.000034 0.000033 0.000049 
2330 0.000312 0.000237 0.000271 0.000320 
2340 0.000037 0.000046 0.000062 0.000067 
2350 0.000265 0.000286 0.000304 0.000289 
2360 0.000181 0.000247 0.000193 0.000216 
2370 0.000228 0.000256 0.000254 0.000287 
2380 0.000047 0.000036 0.000039 0.000039 
2390 0.000146 0.000230 0.000158 0.000144 
2400 0.000239 0.000264 0.000346 0.000366 
2410 0.000209 0.000173 0.000204 0.000222 
2420 0.000195 0.000209 0.000238 0.000248 
2430 0.000083 0.000078 0.000083 0.000093 
2440 0.000217 0.000201 0.000223 0.000203 
2450 0.000046 0.000042 0.000075 0.000060 
2460 0.000150 0.000101 0.000143 0.000140 
2470 0.000021 0.000018 0.000018 0.000023 
2480 0.000204 0.000150 0.000184 0.000240 
2490 0.000122 0.000173 0.000169 0.000187 
2500 0.000246 0.000235 0.000194 0.000220 
2510 0.000013 0.000011 0.000009 0.000008 
2520 0.000191 0.000198 0.000271 0.000301 
2530 0.000120 0.000163 0.000139 0.000189 
2540 0.000144 0.000164 0.000186 0.000278 
2550 0.000200 0.000204 0.000237 0.000244 
2560 0.000015 0.000019 0.000021 0.000028 
2570 0.000068 0.000047 0.000059 0.000057 
2580 0.000189 0.000230 0.000191 0.000204 
2590 0.000269 0.000295 0.000239 0.000413 
2600 0.000108 0.000130 0.000121 0.000149 
2610 0.000164 0.000146 0.000166 0.000233 
2620 0.000205 0.000197 0.000269 0.000247 
2630 0.000258 0.000232 0.000306 0.000312 
2640 0.000065 0.000063 0.000067 0.000082 
2650 0.000066 0.000076 0.000072 0.000074 
2660 0.000163 0.000170 0.000163 0.000204 
2670 0.000386 0.000232 0.000258 0.000385 
2680 0.000162 0.000167 0.000156 0.000164 
2690 0.000116 0.000078 0.000105 0.000106 
2700 0.000024 0.000006 0.000009 0.000009 
2710 0.000066 0.000058 0.000083 0.000074 
2720 0.000178 0.000286 0.000233 0.000255 
2730 0.000015 0.000005 0.000006 0.000007 
2740 0.000119 0.000149 0.000145 0.000132 
2750 0.000013 0.000020 0.000019 0.000018 
2760 0.000157 0.000135 0.000142 0.000170 
2770 0.000139 0.000188 0.000232 0.000205 
2780 0.000018 0.000012 0.000010 0.000014 
2790 0.000252 0.000240 0.000187 0.000223 
2800 0.000097 0.000099 0.000115 0.000116 
2810 0.000271 0.000255 0.000256 0.000363 
2820 0.000118 0.000158 0.000201 0.000164 
2830 0.000238 0.000222 0.000267 0.000257 
2840 0.000261 0.000218 0.000207 0.000258 
2850 0.000277 0.000226 0.000270 0.000371 
2860 0.000068 0.000049 0.000055 0.000062 
2870 0.000013 0.000016 0.000017 0.000020 
2880 0.000225 0.000227 0.000232 0.000332 
2890 0.000243 0.000286 0.000259 0.000294 
2900 0.000123 0.000128 0.000127 0.000154 
2910 0.000041 0.000046 0.000043 0.000060 
2920 0.000122 0.000126 0.000147 0.000220 
2930 0.000067 0.000052 0.000088 0.000082 
2940 0.000213 0.000241 0.000293 0.000273 
2950 0.000193 0.000197 0.000262 0.000228 
2960 0.000137 0.000135 0.000149 0.000184 
2970 0.000261 0.000248 0.000514 0.000384 
2980 0.000087 0.000096 0.000129 0.000124 
2990 0.000062 0.000080 0.000074 0.000095 
3000 0.000190 0.000194 0.000270 0.000310 
3010 0.000077 0.000079 0.000079 0.000093 
3020 0.000243 0.000226 0.000323 0.000317 
3030 0.000040 0.000049 0.000039 0.000042 
3040 0.000041 0.000033 0.000031 0.000044 
3050 0.000018 0.000014 0.000010 0.000013 
3060 0.000239 0.000391 0.000301 0.000327 
3070 0.000157 0.000164 0.000203 0.000197 
3080 0.000036 0.000045 0.000060 0.000057 
3090 0.000125 0.000112 0.000137 0.000174 
3100 0.000215 0.000272 0.000239 0.000327 
3110 0.000242 0.000241 0.000240 0.000288 
3120 0.000020 0.000003 0.000004 0.000004 
3130 0.000219 0.000244 0.000246 0.000264 
3140 0.000182 0.000207 0.000229 0.000241 
3150 0.000105 0.000078 0.000102 0.000109 
3160 0.000137 0.000126 0.000131 0.000144 
3170 0.000183 0.000447 0.000205 0.000211 
3180 0.000146 0.000126 0.000127 0.000136 
3190 0.000108 0.000076 0.000082 0.000108 
3200 0.000013 0.000004 0.000006 0.000006 
3210 0.000262 0.000264 0.000257 0.000283 
3220 0.000269 0.000459 0.000359 0.000352 
3230 0.000017 0.000011 0.000017 0.000013 
3240 0.000142 0.000112 0.000140 0.000123 
3250 0.000113 0.000112 0.000132 0.000143 
3260 0.000157 0.000198 0.000209 0.000254 
3270 0.000203 0.000205 0.000273 0.000319 
3280 0.000105 0.000094 0.000100 0.000121 
3290 0.000240 0.000301 0.000261 0.000373 
3300 0.000265 0.000256 0.000282 0.000261 
3310 0.000086 0.000090 0.000084 0.000100 
3320 0.000090 0.000101 0.000104 0.000139 
3330 0.000195 0.000206 0.000297 0.000274 
3340 0.000178 0.000185 0.000141 0.000201 
3350 0.000105 0.000130 0.000103 0.000145 
3360 0.000313 0.000258 0.000348 0.000314 
3370 0.000158 0.000165 0.000173 0.000196 
3380 0.000013 0.000019 0.000017 0.000019 
3390 0.000184 0.000242 0.000203 0.000260 
3400 0.000120 0.000107 0.000110 0.000131 
3410 0.000065 0.000096 0.000058 0.000073 
3420 0.000108 0.000111 0.000100 0.000091 
3430 0.000255 0.000297 0.000242 0.000313 
3440 0.000145 0.000164 0.000178 0.000201 
3450 0.000186 0.000306 0.000186 0.000252 
3460 0.000213 0.000241 0.000276 0.000327 
3470 0.000214 0.000195 0.000203 0.000231 
3480 0.000095 0.000078 0.000086 0.000095 
3490 0.000057 0.000022 0.000033 0.000038 
3500 0.000047 0.000028 0.000024 0.000033 
3510 0.000042 0.000032 0.000034 0.000039 
3520 0.000214 0.000203 0.000241 0.000248 
3530 0.000177 0.000185 0.000173 0.000215 
3540 0.000227 0.000234 0.000223 0.000272 
3550 0.000072 0.000068 0.000079 0.000100 
3560 0.000209 0.000166 0.000185 0.000209 
3570 0.000126 0.000129 0.000118 0.000183 
3580 0.000040 0.000032 0.000030 0.000038 
3590 0.000233 0.000264 0.000210 0.000303 
3600 0.000102 0.000089 0.000103 0.000147 
3610 0.000115 0.000156 0.000136 0.000162 
3620 0.000206 0.000235 0.000266 0.000247 
3630 0.000253 0.000321 0.000261 0.000240 
3640 0.000234 0.000255 0.000248 0.000341 
3650 0.000239 0.000322 0.000264 0.000290 
3660 0.000105 0.000112 0.000109 0.000127 
3670 0.000178 0.000174 0.000178 0.000227 
3680 0.000197 0.000166 0.000187 0.000173 
3690 0.000177 0.000211 0.000203 0.000198 
3700 0.000213 0.000188 0.000190 0.000255 
3710 0.000269 0.000289 0.000249 0.000299 
3720 0.000201 0.000209 0.000217 0.000329 
3730 0.000118 0.000100 0.000101 0.000134 
3740 0.000042 0.000052 0.000054 0.000067 
3750 0.000118 0.000085 0.000102 0.000164 
3760 0.000013 0.000014 0.000017 0.000027 
3770 0.000210 0.000196 0.000228 0.000240 
3780 0.000206 0.000198 0.000263 0.000235 
3790 0.000109 0.000182 0.000150 0.000174 
3800 0.000064 0.000076 0.000087 0.000094 
3810 0.000243 0.000224 0.000204 0.000486 
3820 0.000012 0.000059 0.000022 0.000034 
3830 0.000014 0.000011 0.000017 0.000014 
3840 0.000375 0.000220 0.000248 0.000276 
3850 0.000073 0.000086 0.000096 0.000091 
3860 0.000127 0.000122 0.000129 0.000140 
3870 0.000218 0.000179 0.000237 0.000249 
3880 0.000184 0.000177 0.000163 0.000230 
3890 0.000191 0.000177 0.000210 0.000223 
3900 0.000012 0.000009 0.000010 0.000012 
3910 0.000069 0.000061 0.000099 0.000075 
3920 0.000221 0.000291 0.000281 0.000267 
3930 0.000070 0.000072 0.000102 0.000114 
3940 0.000155 0.000143 0.000180 0.000285 
3950 0.000010 0.000002 0.000003 0.000003 
3960 0.000141 0.000155 0.000162 0.000168 
3970 0.000127 0.000099 0.000101 0.000128 
3980 0.000206 0.000229 0.000216 0.000294 
3990 0.000248 0.000255 0.000276 0.000406 
4000 0.000057 0.000058 0.000050 0.000065 
4010 0.000250 0.000205 0.000249 0.000323 
4020 0.000041 0.000030 0.000033 0.000031 
4030 0.000168 0.000157 0.000203 0.000209 
4040 0.000081 0.000056 0.000078 0.000076 
4050 0.000105 0.000100 0.000107 0.000118 
4060 0.000211 0.000174 0.000194 0.000192 
4070 0.000123 0.000126 0.000138 0.000153 
4080 0.000116 0.000129 0.000131 0.000151 
4090 0.000138 0.000173 0.000185 0.000190 
4100 0.000067 0.000079 0.000096 0.000095 
4110 0.000316 0.000238 0.000269 0.000269 
4120 0.000151 0.000163 0.000155 0.000175 
4130 0.000050 0.000056 0.000057 0.000058 
4140 0.000089 0.000055 0.000055 0.000065 
4150 0.000011 0.000011 0.000012 0.000014 
4160 0.000146 0.000105 0.000086 0.000105 
4170 0.000204 0.000220 0.000243 0.000241 
4180 0.000100 0.000115 0.000108 0.000118 
4190 0.000136 0.000117 0.000151 0.000172 
4200 0.000191 0.000186 0.000219 0.000259 
4210 0.000114 0.000130 0.000117 0.000214 
4220 0.000191 0.000177 0.000221 0.000232 
4230 0.000094 0.000098 0.000105 0.000119 
4240 0.000117 0.000090 0.000094 0.000102 
4250 0.000288 0.000266 0.000224 0.000287 
4260 0.000261 0.000250 0.000274 0.000350 
4270 0.000142 0.000139 0.000183 0.000208 
4280 0.000083 0.000110 0.000116 0.000133 
4290 0.000039 0.000031 0.000029 0.000035 
4300 0.000017 0.000019 0.000013 0.000017 
4310 0.000223 0.000209 0.000270 0.000320 
4320 0.000169 0.000118 0.000114 0.000129 
4330 0.000335 0.000286 0.000230 0.000281 
4340 0.000143 0.000112 0.000159 0.000159 
4350 0.000015 0.000012 0.000014 0.000017 
4360 0.000117 0.000142 0.000152 0.000148 
4370 0.000035 0.000053 0.000043 0.000059 
4380 0.000010 0.000008 0.000010 0.000013 
4390 0.000243 0.000241 0.000273 0.000318 
4400 0.000163 0.000153 0.000195 0.000203 
4410 0.000175 0.000167 0.000181 0.000237 
4420 0.000149 0.000162 0.000177 0.000194 
4430 0.000151 0.000206 0.000165 0.000194 
4440 0.000265 0.000290 0.000282 0.000285 
4450 0.000261 0.000359 0.000280 0.000282 
4460 0.000071 0.000072 0.000059 0.000064 
4470 0.000037 0.000054 0.000046 0.000057 
4480 0.000034 0.000039 0.000032 0.000036 
4490 0.000204 0.000243 0.000215 0.000283 
4500 0.000244 0.000359 0.000256 0.000287 
4510 0.000107 0.000140 0.000130 0.000156 
4520 0.000141 0.000166 0.000154 0.000177 
4530 0.000227 0.000275 0.000276 0.000327 
4540 0.000113 0.000129 0.000156 0.000136 
4550 0.000083 0.000061 0.000066 0.000065 
4560 0.000126 0.000091 0.000113 0.000109 
4570 0.000168 0.000189 0.000195 0.000231 
4580 0.000039 0.000047 0.000044 0.000047 
4590 0.000216 0.000297 0.000272 0.000266 
4600 0.000192 0.000205 0.000174 0.000189 
4610 0.000042 0.000041 0.000049 0.000055 
4620 0.000013 0.000008 0.000007 0.000012 
4630 0.000129 0.000138 0.000202 0.000274 
4640 0.000146 0.000120 0.000135 0.000203 
4650 0.000143 0.000130 0.000147 0.000157 
4660 0.000292 0.000302 0.000474 0.000440 
4670 0.000069 0.000073 0.000071 0.000075 
4680 0.000088 0.000066 0.000079 0.000076 
4690 0.000141 0.000162 0.000176 0.000187 
4700 0.000243 0.000369 0.000295 0.000317 
4710 0.000188 0.000202 0.000176 0.000220 
4720 0.000106 0.000108 0.000096 0.000114 
4730 0.000078 0.000062 0.000079 0.000090 
4740 0.000038 0.000042 0.000046 0.000049 
4750 0.000169 0.000211 0.000194 0.000197 
4760 0.000143 0.000084 0.000099 0.000139 
4770 0.000015 0.000005 0.000008 0.000011 
4780 0.000289 0.000248 0.000309 0.000389 
4790 0.000034 0.000022 0.000037 0.000034 
4800 0.000079 0.000084 0.000073 0.000083 
4810 0.000117 0.000091 0.000105 0.000128 
4820 0.000084 0.000067 0.000084 0.000093 
4830 0.000124 0.000135 0.000148 0.000193 
4840 0.000084 0.000099 0.000105 0.000127 
4850 0.000040 0.000036 0.000048 0.000046 
4860 0.000015 0.000017 0.000015 0.000017 
4870 0.000208 0.000206 0.000214 0.000260 
4880 0.000154 0.000157 0.000158 0.000207 
4890 0.000113 0.000095 0.000103 0.000149 
4900 0.000240 0.000259 0.000229 0.000347 
4910 0.000305 0.000272 0.000342 0.000334 
4920 0.000089 0.000103 0.000144 0.000143 
4930 0.000108 0.000148 0.000122 0.000166 
4940 0.000200 0.000248 0.000304 0.000318 
4950 0.000193 0.000174 0.000201 0.000230 
4960 0.000086 0.000070 0.000070 0.000076 
4970 0.000008 0.000014 0.000016 0.000018 
4980 0.000106 0.000102 0.000103 0.000123 
4990 0.000120 0.000128 0.000152 0.000141 
5000 0.000269 0.000208 0.000284 0.000279 
5010 0.000112 0.000095 0.000101 0.000121 
5020 0.000181 0.000156 0.000143 0.000197 
5030 0.000106 0.000164 0.000102 0.000121 
5040 0.000093 0.000100 0.000106 0.000127 
5050 0.000034 0.000065 0.000063 0.000062 
5060 0.000098 0.000107 0.000108 0.000104 
5070 0.000266 0.000247 0.000353 0.000388 
5080 0.000010 0.000005 0.000006 0.000012 
5090 0.000158 0.000207 0.000185 0.000203 
5100 0.000263 0.000321 0.000269 0.000437 
5110 0.000059 0.000061 0.000084 0.000108 
5120 0.000246 0.000272 0.000286 0.000325 
5130 0.000270 0.000234 0.000336 0.000298 
5140 0.000170 0.000194 0.000230 0.000226 
5150 0.000239 0.000188 0.000223 0.000256 
5160 0.000066 0.000087 0.000072 0.000094 
5170 0.000182 0.000225 0.000262 0.000299 
5180 0.000112 0.000144 0.000154 0.000163 
5190 0.000204 0.000271 0.000308 0.000245 
5200 0.000210 0.000214 0.000256 0.000300 
5210 0.000302 0.000280 0.000287 0.000386 
5220 0.000038 0.000031 0.000038 0.000042 
5230 0.000339 0.000259 0.000350 0.000402 
5240 0.000285 0.000294 0.000278 0.000427 
5250 0.000102 0.000080 0.000103 0.000098 
5260 0.000114 0.000143 0.000135 0.000177 
5270 0.000095 0.000129 0.000112 0.000162 
5280 0.000068 0.000058 0.000073 0.000077 
5290 0.000284 0.000242 0.000260 0.000347 
5300 0.000068 0.000079 0.000067 0.000082 
5310 0.000182 0.000188 0.000214 0.000231 
5320 0.000351 0.000213 0.000229 0.000362 
5330 0.000242 0.000332 0.000315 0.000357 
5340 0.000155 0.000146 0.000162 0.000226 
5350 0.000048 0.000054 0.000052 0.000077 
5360 0.000097 0.000109 0.000115 0.000181 
5370 0.000246 0.000284 0.000339 0.000409 
5380 0.000214 0.000186 0.000208 0.000329 
5390 0.000044 0.000053 0.000089 0.000062 
5400 0.000155 0.000158 0.000173 0.000190 
5410 0.000012 0.000012 0.000014 0.000015 
5420 0.000139 0.000130 0.000156 0.000136 
5430 0.000035 0.000028 0.000027 0.000036 
5440 0.000148 0.000180 0.000190 0.000180 
5450 0.000151 0.000233 0.000184 0.000191 
5460 0.000280 0.000263 0.000285 0.000321 
5470 0.000102 0.000105 0.000107 0.000122 
5480 0.000101 0.000087 0.000081 0.000110 
5490 0.000262 0.000205 0.000220 0.000270 
5500 0.000267 0.000260 0.000292 0.000318 
5510 0.000010 0.000005 0.000009 0.000008 
5520 0.000196 0.000169 0.000200 0.000237 
5530 0.000092 0.000083 0.000089 0.000111 
5540 0.000136 0.000238 0.000165 0.000197 
5550 0.000136 0.000100 0.000090 0.000140 
5560 0.000037 0.000062 0.000049 0.000051 
5570 0.000148 0.000140 0.000121 0.000147 
5580 0.000007 0.000005 0.000006 0.000005 
5590 0.000247 0.000312 0.000242 0.000395 
5600 0.000112 0.000118 0.000121 0.000137 
5610 0.000212 0.000190 0.000205 0.000292 
5620 0.000105 0.000086 0.000088 0.000112 
5630 0.000143 0.000147 0.000196 0.000177 
5640 0.000062 0.000050 0.000061 0.000059 
5650 0.000030 0.000040 0.000044 0.000047 
5660 0.000165 0.000152 0.000179 0.000184 
5670 0.000123 0.000165 0.000177 0.000197 
5680 0.000087 0.000159 0.000135 0.000132 
5690 0.000171 0.000198 0.000241 0.000196 
5700 0.000168 0.000182 0.000187 0.000267 
5710 0.000029 0.000028 0.000036 0.000045 
5720 0.000289 0.000324 0.000356 0.000420 
5730 0.000061 0.000064 0.000079 0.000093 
5740 0.000035 0.000028 0.000025 0.000044 
5750 0.000158 0.000189 0.000244 0.000252 
5760 0.000042 0.000039 0.000038 0.000076 
5770 0.000274 0.000281 0.000281 0.000356 
5780 0.000088 0.000117 0.000143 0.000141 
5790 0.000170 0.000181 0.000203 0.000226 
5800 0.000233 0.000219 0.000242 0.000331 
5810 0.000191 0.000223 0.000232 0.000266 
5820 0.000099 0.000099 0.000092 0.000116 
5830 0.000191 0.000206 0.000214 0.000251 
5840 0.000256 0.000337 0.000322 0.000293 
5850 0.000054 0.000031 0.000036 0.000030 
5860 0.000039 0.000039 0.000055 0.000037 
5870 0.000205 0.000207 0.000274 0.000309 
5880 0.000162 0.000170 0.000183 0.000292 
5890 0.000219 0.000226 0.000250 0.000315 
5900 0.000165 0.000239 0.000148 0.000148 
5910 0.000049 0.000029 0.000055 0.000041 
5920 0.000191 0.000150 0.000159 0.000212 
5930 0.000135 0.000175 0.000198 0.000199 
5940 0.000077 0.000080 0.000080 0.000113 
5950 0.000256 0.000345 0.000274 0.000343 
5960 0.000170 0.000201 0.000175 0.000201 
5970 0.000059 0.000073 0.000068 0.000082 
5980 0.000034 0.000046 0.000032 0.000032 
5990 0.000067 0.000079 0.000078 0.000109 
6000 0.000116 0.000144 0.000138 0.000159 
6010 0.000077 0.000065 0.000062 0.000075 
6020 0.000008 0.000015 0.000013 0.000020 
6030 0.000221 0.000301 0.000282 0.000333 
6040 0.000174 0.000146 0.000155 0.000208 
6050 0.000035 0.000040 0.000041 0.000049 
6060 0.000241 0.000223 0.000222 0.000413 
6070 0.000190 0.000238 0.000276 0.000277 
6080 0.000091 0.000104 0.000106 0.000123 
6090 0.000011 0.000017 0.000015 0.000014 
6100 0.000239 0.000210 0.000250 0.000283 
6110 0.000088 0.000122 0.000132 0.000173 
6120 0.000058 0.000048 0.000062 0.000063 
6130 0.000090 0.000108 0.000124 0.000126 
6140 0.000179 0.000165 0.000201 0.000220 
6150 0.000092 0.000138 0.000096 0.000126 
6160 0.000008 0.000018 0.000026 0.000029 
6170 0.000205 0.000189 0.000212 0.000250 
6180 0.000220 0.000250 0.000317 0.000297 
6190 0.000127 0.000118 0.000112 0.000144 
6200 0.000128 0.000179 0.000156 0.000175 
6210 0.000278 0.000258 0.000262 0.000345 
6220 0.000242 0.000253 0.000221 0.000282 
6230 0.000034 0.000031 0.000045 0.000050 
6240 0.000196 0.000235 0.000206 0.000247 
6250 0.000095 0.000092 0.000119 0.000121 
6260 0.000080 0.000074 0.000084 0.000092 
6270 0.000247 0.000267 0.000249 0.000341 
6280 0.000088 0.000111 0.000117 0.000131 
6290 0.000281 0.000238 0.000300 0.000291 
6300 0.000039 0.000048 0.000073 0.000098 
6310 0.000221 0.000257 0.000296 0.000292 
6320 0.000087 0.000082 0.000105 0.000121 
6330 0.000129 0.000162 0.000200 0.000248 
6340 0.000186 0.000190 0.000192 0.000266 
6350 0.000086 0.000125 0.000160 0.000140 
6360 0.000148 0.000177 0.000201 0.000218 
6370 0.000010 0.000017 0.000023 0.000033 
6380 0.000284 0.000189 0.000198 0.000245 
6390 0.000041 0.000040 0.000044 0.000063 
6400 0.000185 0.000210 0.000197 0.000261 
6410 0.000070 0.000076 0.000068 0.000095 
6420 0.000032 0.000046 0.000057 0.000058 
6430 0.000184 0.000163 0.000197 0.000192 
6440 0.000142 0.000120 0.000133 0.000165 
6450 0.000006 0.000002 0.000002 0.000001 
6460 0.000013 0.000011 0.000015 0.000016 
6470 0.000085 0.000064 0.000060 0.000101 
6480 0.000212 0.000237 0.000227 0.000370 
6490 0.000145 0.000159 0.000150 0.000192 
6500 0.000203 0.000266 0.000190 0.000169 
6510 0.000098 0.000079 0.000128 0.000111 
6520 0.000149 0.000154 0.000150 0.000204 
6530 0.000105 0.000115 0.000089 0.000124 
6540 0.000166 0.000178 0.000219 0.000239 
6550 0.000264 0.000286 0.000250 0.000274 
6560 0.000216 0.000300 0.000237 0.000294 
6570 0.000278 0.000227 0.000269 0.000304 
6580 0.000257 0.000250 0.000270 0.000438 
6590 0.000006 0.000021 0.000015 0.000022 
6600 0.000087 0.000071 0.000070 0.000084 
6610 0.000124 0.000103 0.000124 0.000154 
6620 0.000122 0.000131 0.000155 0.000241 
6630 0.000169 0.000169 0.000207 0.000224 
6640 0.000215 0.000235 0.000284 0.000321 
6650 0.000301 0.000289 0.000296 0.000340 
6660 0.000266 0.000222 0.000312 0.000322 
6670 0.000204 0.000174 0.000199 0.000221 
6680 0.000095 0.000105 0.000095 0.000108 
6690 0.000182 0.000069 0.000080 0.000101 
6700 0.000083 0.000141 0.000103 0.000126 
6710 0.000234 0.000251 0.000290 0.000347 
6720 0.000322 0.000255 0.000258 0.000288 
6730 0.000013 0.000018 0.000021 0.000051 
6740 0.000214 0.000216 0.000282 0.000362 
6750 0.000126 0.000130 0.000139 0.000174 
6760 0.000087 0.000106 0.000123 0.000139 
6770 0.000038 0.000022 0.000028 0.000033 
6780 0.000063 0.000082 0.000117 0.000091 
6790 0.000005 0.000015 0.000011 0.000014 
6800 0.000234 0.000230 0.000252 0.000285 
6810 0.000045 0.000058 0.000050 0.000074 
6820 0.000070 0.000051 0.000083 0.000072 
6830 0.000287 0.000291 0.000277 0.000330 
6840 0.000230 0.000179 0.000225 0.000232 
6850 0.000065 0.000062 0.000063 0.000084 
6860 0.000010 0.000009 0.000014 0.000015 
6870 0.000063 0.000048 0.000064 0.000089 
6880 0.000142 0.000108 0.000108 0.000140 
6890 0.000270 0.000267 0.000309 0.000317 
6900 0.000106 0.000112 0.000089 0.000132 
6910 0.000171 0.000161 0.000236 0.000257 
6920 0.000111 0.000140 0.000160 0.000181 
6930 0.000005 0.000010 0.000012 0.000018 
6940 0.000086 0.000117 0.000134 0.000140 
6950 0.000222 0.000218 0.000223 0.000419 
6960 0.000126 0.000159 0.000125 0.000170 
6970 0.000058 0.000080 0.000095 0.000116 
6980 0.000259 0.000294 0.000280 0.000356 
6990 0.000063 0.000066 0.000060 0.000070 
7000 0.000215 0.000246 0.000234 0.000249 
7010 0.000298 0.000281 0.000283 0.000306 
7020 0.000171 0.000144 0.000143 0.000165 
7030 0.000307 0.000249 0.000302 0.000327 
7040 0.000072 0.000051 0.000076 0.000071 
7050 0.000204 0.000189 0.000165 0.000215 
7060 0.000057 0.000075 0.000113 0.000076 
7070 0.000174 0.000194 0.000177 0.000209 
7080 0.000007 0.000007 0.000009 0.000013 
7090 0.000147 0.000181 0.000213 0.000189 
7100 0.000208 0.000300 0.000379 0.000294 
7110 0.000151 0.000172 0.000234 0.000195 
7120 0.000195 0.000204 0.000228 0.000291 
7130 0.000147 0.000146 0.000206 0.000202 
7140 0.000119 0.000141 0.000157 0.000159 
7150 0.000170 0.000168 0.000180 0.000204 
7160 0.000061 0.000077 0.000094 0.000099 
7170 0.000032 0.000028 0.000034 0.000029 
7180 0.000272 0.000396 0.000303 0.000300 
7190 0.000121 0.000157 0.000182 0.000178 
7200 0.000159 0.000220 0.000187 0.000245 
7210 0.000164 0.000206 0.000142 0.000168 
7220 0.000191 0.000184 0.000256 0.000228 
7230 0.000268 0.000237 0.000281 0.000330 
7240 0.000240 0.000233 0.000245 0.000315 
7250 0.000153 0.000159 0.000187 0.000200 
7260 0.000034 0.000024 0.000055 0.000032 
7270 0.000146 0.000149 0.000195 0.000188 
7280 0.000029 0.000030 0.000032 0.000055 
7290 0.000086 0.000082 0.000136 0.000105 
7300 0.000005 0.000014 0.000016 0.000018 
7310 0.000005 0.000015 0.000029 0.000020 
7320 0.000056 0.000078 0.000098 0.000109 
7330 0.000191 0.000160 0.000179 0.000225 
7340 0.000298 0.000280 0.000307 0.000331 
7350 0.000243 0.000264 0.000262 0.000336 
7360 0.000139 0.000214 0.000206 0.000211 
7370 0.000160 0.000223 0.000218 0.000276 
7380 0.000104 0.000103 0.000116 0.000130 
7390 0.000146 0.000158 0.000144 0.000161 
7400 0.000184 0.000205 0.000202 0.000281 
7410 0.000114 0.000115 0.000160 0.000173 
7420 0.000225 0.000230 0.000246 0.000358 
7430 0.000005 0.000017 0.000022 0.000045 
7440 0.000248 0.000358 0.000365 0.000379 
7450 0.000320 0.000283 0.000427 0.000317 
7460 0.000078 0.000082 0.000091 0.000097 
7470 0.000287 0.000271 0.000313 0.000302 
7480 0.000057 0.000062 0.000080 0.000096 
7490 0.000112 0.000175 0.000167 0.000178 
7500 0.000044 0.000042 0.000058 0.000051 
7510 0.000071 0.000054 0.000082 0.000082 
7520 0.000168 0.000212 0.000240 0.000250 
7530 0.000166 0.000200 0.000231 0.000239 
7540 0.000095 0.000130 0.000153 0.000114 
7550 0.000234 0.000198 0.000224 0.000292 
7560 0.000254 0.000258 0.000279 0.000364 
7570 0.000184 0.000240 0.000187 0.000269 
7580 0.000055 0.000096 0.000103 0.000100 
7590 0.000069 0.000088 0.000112 0.000108 
7600 0.000144 0.000181 0.000188 0.000257 
7610 0.000239 0.000264 0.000290 0.000359 
7620 0.000005 0.000002 0.000002 0.000003 
7630 0.000182 0.000219 0.000238 0.000287 
7640 0.000059 0.000074 0.000089 0.000101 
7650 0.000005 0.000027 0.000030 0.000026 
7660 0.000082 0.000103 0.000112 0.000140 
7670 0.000252 0.000274 0.000313 0.000308 
7680 0.000253 0.000329 0.000255 0.000299 
7690 0.000236 0.000244 0.000325 0.000237 
7700 0.000252 0.000309 0.000288 0.000346 
7710 0.000319 0.000333 0.000300 0.000340 
7720 0.000056 0.000062 0.000073 0.000089 
7730 0.000004 0.000004 0.000003 0.000005 
7740 0.000077 0.000081 0.000088 0.000102 
7750 0.000322 0.000280 0.000278 0.000311 
7760 0.000271 0.000226 0.000313 0.000373 
7770 0.000004 0.000015 0.000018 0.000025 
7780 0.000006 0.000008 0.000009 0.000011 
7790 0.000077 0.000081 0.000076 0.000086 
7800 0.000199 0.000210 0.000235 0.000211 
7810 0.000081 0.000076 0.000063 0.000075 
7820 0.000304 0.000201 0.000200 0.000274 
7830 0.000202 0.000209 0.000193 0.000367 
7840 0.000208 0.000167 0.000166 0.000280 
7850 0.000059 0.000108 0.000086 0.000119 
7860 0.000252 0.000305 0.000298 0.000340 
7870 0.000280 0.000278 0.000300 0.000349 
7880 0.000167 0.000189 0.000238 0.000218 
7890 0.000258 0.000218 0.000277 0.000257 
7900 0.000270 0.000244 0.000331 0.000339 
7910 0.000201 0.000249 0.000278 0.000311 
7920 0.000149 0.000159 0.000169 0.000188 
7930 0.000092 0.000112 0.000126 0.000148 
7940 0.000199 0.000263 0.000248 0.000256 
7950 0.000189 0.000158 0.000152 0.000211 
7960 0.000038 0.000061 0.000044 0.000082 
7970 0.000166 0.000205 0.000232 0.000247 
7980 0.000085 0.000108 0.000124 0.000164 
7990 0.000005 0.000012 0.000011 0.000021 
8000 0.000098 0.000125 0.000113 0.000151 
8010 0.000131 0.000155 0.000162 0.000265 
8020 0.000234 0.000253 0.000261 0.000387 
8030 0.000253 0.000432 0.000290 0.000246 
8040 0.000171 0.000181 0.000197 0.000195 
8050 0.000028 0.000028 0.000043 0.000044 
8060 0.000030 0.000043 0.000065 0.000073 
8070 0.000034 0.000041 0.000056 0.000047 
8080 0.000142 0.000200 0.000168 0.000204 
8090 0.000292 0.000267 0.000296 0.000356 
8100 0.000068 0.000069 0.000078 0.000097 
8110 0.000031 0.000055 0.000042 0.000054 
8120 0.000312 0.000207 0.000215 0.000242 
8130 0.000141 0.000127 0.000130 0.000166 
8140 0.000350 0.000266 0.000314 0.000318 
8150 0.000156 0.000143 0.000179 0.000206 
8160 0.000204 0.000197 0.000227 0.000224 
8170 0.000005 0.000014 0.000018 0.000027 
8180 0.000131 0.000167 0.000158 0.000216 
8190 0.000279 0.000214 0.000254 0.000314 
8200 0.000053 0.000063 0.000070 0.000075 
8210 0.000186 0.000234 0.000275 0.000205 
8220 0.000114 0.000143 0.000173 0.000192 
8230 0.000187 0.000255 0.000212 0.000291 
8240 0.000093 0.000105 0.000101 0.000116 
8250 0.000192 0.000220 0.000238 0.000241 
8260 0.000071 0.000068 0.000071 0.000069 
8270 0.000033 0.000062 0.000046 0.000059 
8280 0.000217 0.000173 0.000200 0.000226 
8290 0.000138 0.000094 0.000108 0.000114 
8300 0.000135 0.000121 0.000129 0.000141 
8310 0.000029 0.000047 0.000062 0.000065 
8320 0.000093 0.000112 0.000106 0.000138 
8330 0.000006 0.000007 0.000005 0.000006 
8340 0.000096 0.000124 0.000110 0.000119 
8350 0.000057 0.000095 0.000106 0.000110 
8360 0.000169 0.000215 0.000240 0.000278 
8370 0.000186 0.000212 0.000232 0.000238 
8380 0.000241 0.000242 0.000275 0.000324 
8390 0.000253 0.000288 0.000230 0.000269 
8400 0.000067 0.000071 0.000076 0.000075 
8410 0.000327 0.000303 0.000261 0.000462 
8420 0.000094 0.000100 0.000134 0.000153 
8430 0.000216 0.000291 0.000265 0.000266 
8440 0.000126 0.000132 0.000144 0.000160 
8450 0.000226 0.000317 0.000227 0.000287 
8460 0.000056 0.000091 0.000094 0.000103 
8470 0.000121 0.000135 0.000144 0.000162 
8480 0.000185 0.000192 0.000196 0.000477 
8490 0.000036 0.000038 0.000038 0.000052 
8500 0.000003 0.000009 0.000013 0.000012 
8510 0.000274 0.000288 0.000287 0.000358 
8520 0.000219 0.000250 0.000332 0.000303 
8530 0.000262 0.000274 0.000289 0.000476 
8540 0.000275 0.000261 0.000408 0.000324 
8550 0.000323 0.000259 0.000316 0.000370 
8560 0.000188 0.000237 0.000189 0.000281 
8570 0.000195 0.000305 0.000220 0.000355 
8580 0.000260 0.000370 0.000352 0.000332 
8590 0.000222 0.000203 0.000218 0.000326 
8600 0.000031 0.000032 0.000042 0.000049 
8610 0.000005 0.000014 0.000016 0.000021 
8620 0.000030 0.000053 0.000041 0.000049 
8630 0.000269 0.000236 0.000259 0.000303 
8640 0.000003 0.000010 0.000009 0.000017 
8650 0.000288 0.000294 0.000290 0.000324 
8660 0.000003 0.000014 0.000015 0.000014 
8670 0.000106 0.000153 0.000137 0.000120 
8680 0.000140 0.000223 0.000181 0.000180 
8690 0.000152 0.000256 0.000163 0.000173 
8700 0.000156 0.000182 0.000168 0.000187 
8710 0.000141 0.000245 0.000185 0.000195 
8720 0.000123 0.000145 0.000132 0.000148 
8730 0.000146 0.000178 0.000174 0.000189 
8740 0.000025 0.000027 0.000029 0.000041 
8750 0.000190 0.000223 0.000196 0.000245 
8760 0.000134 0.000098 0.000120 0.000164 
8770 0.000169 0.000151 0.000163 0.000270 
8780 0.000109 0.000102 0.000092 0.000171 
8790 0.000263 0.000261 0.000338 0.000366 
8800 0.000064 0.000058 0.000054 0.000068 
8810 0.000116 0.000129 0.000106 0.000131 
8820 0.000113 0.000145 0.000210 0.000166 
8830 0.000190 0.000198 0.000219 0.000209 
8840 0.000316 0.000307 0.000347 0.000321 
8850 0.000104 0.000116 0.000174 0.000188 
8860 0.000052 0.000051 0.000064 0.000084 
8870 0.000089 0.000103 0.000150 0.000147 
8880 0.000003 0.000011 0.000016 0.000020 
8890 0.000002 0.000001 0.000002 0.000003 
8900 0.000279 0.000947 0.000507 0.000423 
8910 0.000205 0.000252 0.000226 0.000284 
8920 0.000052 0.000058 0.000063 0.000090 
8930 0.000056 0.000057 0.000052 0.000078 
8940 0.000182 0.000207 0.000176 0.000218 
8950 0.000002 0.000019 0.000017 0.000021 
8960 0.000057 0.000078 0.000103 0.000098 
8970 0.000025 0.000034 0.000043 0.000043 
8980 0.000112 0.000078 0.000129 0.000113 
8990 0.000270 0.000302 0.000274 0.000386 
9000 0.000127 0.000169 0.000157 0.000192 
9010 0.000282 0.000290 0.000267 0.000350 
9020 0.000032 0.000036 0.000041 0.000041 
9030 0.000055 0.000070 0.000072 0.000073 
9040 0.000004 0.000023 0.000015 0.000017 
9050 0.000025 0.000036 0.000070 0.000070 
9060 0.000081 0.000111 0.000103 0.000148 
9070 0.000063 0.000068 0.000072 0.000079 
9080 0.000229 0.000312 0.000243 0.000340 
9090 0.000289 0.000264 0.000323 0.000340 
9100 0.000083 0.000118 0.000140 0.000126 
9110 0.000117 0.000092 0.000108 0.000122 
9120 0.000320 0.000352 0.000311 0.000399 
9130 0.000024 0.000065 0.000067 0.000068 
9140 0.000216 0.000295 0.000223 0.000242 
9150 0.000092 0.000096 0.000099 0.000103 
9160 0.000244 0.000237 0.000231 0.000286 
9170 0.000353 0.000203 0.000239 0.000262 
9180 0.000333 0.000250 0.000301 0.000329 
9190 0.000140 0.000175 0.000150 0.000232 
9200 0.000002 0.000009 0.000013 0.000016 
9210 0.000027 0.000025 0.000028 0.000039 
9220 0.000145 0.000146 0.000166 0.000165 
9230 0.000233 0.000266 0.000259 0.000279 
9240 0.000023 0.000060 0.000047 0.000056 
9250 0.000243 0.000241 0.000290 0.000335 
9260 0.000096 0.000121 0.000117 0.000112 
9270 0.000227 0.000238 0.000224 0.000220 
9280 0.000243 0.000256 0.000284 0.000281 
9290 0.000173 0.000186 0.000228 0.000326 
9300 0.000061 0.000072 0.000076 0.000101 
9310 0.000218 0.000200 0.000266 0.000277 
9320 0.000083 0.000119 0.000143 0.000166 
9330 0.000254 0.000267 0.000254 0.000313 
9340 0.000168 0.000203 0.000194 0.000205 
9350 0.000226 0.000329 0.000341 0.000341 
9360 0.000303 0.000294 0.000264 0.000296 
9370 0.000092 0.000094 0.000095 0.000137 
9380 0.000162 0.000169 0.000229 0.000295 
9390 0.000112 0.000151 0.000135 0.000202 
9400 0.000026 0.000048 0.000067 0.000077 
9410 0.000237 0.000204 0.000223 0.000368 
9420 0.000242 0.000216 0.000223 0.000305 
9430 0.000235 0.000192 0.000272 0.000260 
9440 0.000262 0.000222 0.000269 0.000325 
9450 0.000264 0.000257 0.000300 0.000335 
9460 0.000344 0.000392 0.000397 0.000678 
9470 0.000314 0.000324 0.000244 0.000314 
9480 0.000167 0.000169 0.000184 0.000316 
9490 0.000080 0.000117 0.000116 0.000148 
9500 0.000002 0.000005 0.000009 0.000008 
9510 0.000261 0.000299 0.000313 0.000330 
9520 0.000241 0.000223 0.000236 0.000263 
9530 0.000663 0.000491 0.000357 0.000391 
9540 0.000273 0.000339 0.000298 0.000460 
9550 0.000684 0.000316 0.000678 0.000468 
9560 0.000002 0.000013 0.000016 0.000019 
9570 0.000002 0.000019 0.000058 0.000034 
9580 0.000003 0.000007 0.000009 0.000011 
9590 0.000502 0.000283 0.000332 0.000300 
9600 0.000159 0.000165 0.000176 0.000234 
9610 0.000221 0.000196 0.000259 0.000189 
9620 0.000157 0.000151 0.000180 0.000272 
9630 0.000108 0.000160 0.000162 0.000157 
9640 0.000325 0.000414 0.000594 0.000382 
9650 0.000002 0.000007 0.000008 0.000012 
9660 0.000069 0.000066 0.000080 0.000113 
9670 0.000344 0.000470 0.000527 0.000474 
9680 0.000172 0.000392 0.000165 0.000293 
9690 0.000002 0.000011 0.000009 0.000011 
9700 0.000625 0.000496 0.001036 0.001142 
9710 0.000002 0.000038 0.000027 0.000048 
9720 0.000275 0.000076 0.000074 0.000107 
9730 0.000365 0.000293 0.000297 0.000304 
9740 0.000122 0.000138 0.000090 0.000102 
9750 0.000031 0.000022 0.000027 0.000030 
9760 0.000213 0.000219 0.000226 0.000325 
9770 0.000002 0.000019 0.000015 0.000020 
9780 0.000126 0.000150 0.000151 0.000215 
9790 0.000022 0.000054 0.000061 0.000079 
9800 0.000276 0.000375 0.000290 0.000351 
9810 0.000140 0.000251 0.000214 0.000187 
9820 0.000002 0.000003 0.000007 0.000009 
9830 0.000035 0.000328 0.000172 0.000094 
9840 0.000433 0.001058 0.000944 0.000974 
9850 0.000002 0.000013 0.000024 0.000017 
9860 0.000558 0.001023 0.000801 0.000743 
9870 0.000333 0.000262 0.000450 0.000576 
9880 0.000267 0.000293 0.000421 0.000800 
9890 0.000192 0.000190 0.000254 0.000216 
9900 0.000002 0.000001 0.000002 0.000002 
9910 0.000083 0.000124 0.000155 0.000328 
9920 0.000220 0.000472 0.000447 0.000183 
9930 0.000120 0.000212 0.000377 0.000218 
9940 0.000541 0.000306 0.000793 0.000891 
9950 0.000398 0.000360 0.000325 0.000263 
9960 0.000046 0.000224 0.000100 0.000113 
9970 0.000609 0.000348 0.000660 0.000528 
9980 0.000912 0.000584 0.001262 0.001390 
9990 0.000570 0.001052 0.000883 0.001271 
